1.01596e-18, 0.0165925
0, 10
0.994522, 0.104528
0, 0

0.0404457, 0.0552733
0, 9.96098
0.993655, 0.112469
0, 0

0.0716263, 0.078031
0, 9.92196
0.992725, 0.120403
0, 0

0.0988033, 0.0963071
0, 9.88293
0.991732, 0.128329
0, 0

0.123548, 0.112187
0, 9.84391
0.990675, 0.136247
0, 0

0.14659, 0.126514
0, 9.80488
0.989555, 0.144156
0, 0

0.168348, 0.139727
0, 9.76586
0.988372, 0.152056
0, 0

0.189084, 0.152089
0, 9.72683
0.987126, 0.159947
0, 0

0.208982, 0.163776
0, 9.6878
0.985817, 0.167827
0, 0

0.228173, 0.174907
0, 9.64878
0.984444, 0.175696
0, 0

0.246758, 0.185572
0, 9.60975
0.98301, 0.183554
0, 0

0.264813, 0.195837
0, 9.57072
0.981512, 0.191401
0, 0

0.282401, 0.205755
0, 9.53169
0.979952, 0.199235
0, 0

0.299572, 0.215369
0, 9.49266
0.978329, 0.207056
0, 0

0.316367, 0.22471
0, 9.45363
0.976644, 0.214865
0, 0

0.332822, 0.233809
0, 9.4146
0.974896, 0.222659
0, 0

0.348966, 0.242688
0, 9.37557
0.973087, 0.23044
0, 0

0.364825, 0.251367
0, 9.33653
0.971215, 0.238205
0, 0

0.38042, 0.259863
0, 9.2975
0.969281, 0.245956
0, 0

0.395772, 0.268192
0, 9.25846
0.967285, 0.25369
0, 0

0.410898, 0.276365
0, 9.21943
0.965228, 0.261409
0, 0

0.425813, 0.284394
0, 9.18039
0.963109, 0.269111
0, 0

0.440529, 0.29229
0, 9.14136
0.960929, 0.276796
0, 0

0.455061, 0.30006
0, 9.10232
0.958687, 0.284463
0, 0

0.469418, 0.307713
0, 9.06328
0.956384, 0.292112
0, 0

0.48361, 0.315256
0, 9.02424
0.95402, 0.299742
0, 0

0.497647, 0.322696
0, 8.9852
0.951596, 0.307353
0, 0

0.511537, 0.330038
0, 8.94616
0.94911, 0.314945
0, 0

0.525289, 0.337287
0, 8.90712
0.946564, 0.322516
0, 0

0.538908, 0.344448
0, 8.86808
0.943957, 0.330067
0, 0

0.552402, 0.351527
0, 8.82904
0.941291, 0.337597
0, 0

0.565776, 0.358525
0, 8.78999
0.938564, 0.345105
0, 0

0.579037, 0.365449
0, 8.75095
0.935777, 0.352591
0, 0

0.592191, 0.3723
0, 8.7119
0.932931, 0.360055
0, 0

0.605242, 0.379082
0, 8.67286
0.930025, 0.367496
0, 0

0.618195, 0.385798
0, 8.63381
0.92706, 0.374913
0, 0

0.631056, 0.392452
0, 8.59476
0.924035, 0.382307
0, 0

0.643828, 0.399044
0, 8.55571
0.920952, 0.389676
0, 0

0.656517, 0.405578
0, 8.51666
0.91781, 0.39702
0, 0

0.669128, 0.412056
0, 8.47761
0.914609, 0.404339
0, 0

0.681664, 0.41848
0, 8.43856
0.91135, 0.411632
0, 0

0.69413, 0.424851
0, 8.39951
0.908033, 0.418898
0, 0

0.706533, 0.431173
0, 8.36046
0.904658, 0.426138
0, 0

0.718876, 0.437446
0, 8.3214
0.901225, 0.433351
0, 0

0.731167, 0.443672
0, 8.28235
0.897735, 0.440536
0, 0

0.743412, 0.449853
0, 8.24329
0.894187, 0.447694
0, 0

0.75562, 0.45599
0, 8.20423
0.890582, 0.454822
0, 0

0.767802, 0.462085
0, 8.16518
0.886921, 0.461921
0, 0

0.779971, 0.468139
0, 8.12612
0.883203, 0.468991
0, 0

0.792149, 0.474155
0, 8.08706
0.879428, 0.476032
0, 0

0.804367, 0.480135
0, 8.048
0.875598, 0.483041
0, 0

0.816679, 0.486086
0, 8.00894
0.871711, 0.49002
0, 0

0.829199, 0.492022
0, 7.96987
0.867769, 0.496968
0, 0

0.84222, 0.498007
0, 7.93081
0.863772, 0.503884
0, 0

0.85711, 0.504863
0, 7.89175
0.859719, 0.510767
0, 0

0.865523, 0.51945
0, 7.85268
0.855612, 0.517619
0, 0

0.866018, 0.536234
0, 7.81361
0.851449, 0.524437
0, 0

0.864426, 0.551591
0, 7.77455
0.847233, 0.531221
0, 0

0.862023, 0.566058
0, 7.73548
0.842963, 0.537972
0, 0

0.859173, 0.579924
0, 7.69641
0.838638, 0.544689
0, 0

0.856033, 0.593349
0, 7.65734
0.834261, 0.55137
0, 0

0.852682, 0.606429
0, 7.61826
0.82983, 0.558017
0, 0

0.849166, 0.619229
0, 7.57919
0.825346, 0.564628
0, 0

0.845515, 0.631793
0, 7.54012
0.820809, 0.571202
0, 0

0.841749, 0.644154
0, 7.50104
0.81622, 0.577741
0, 0

0.837883, 0.656338
0, 7.46197
0.811579, 0.584242
0, 0

0.833927, 0.668362
0, 7.42289
0.806886, 0.590707
0, 0

0.82989, 0.680244
0, 7.38381
0.802142, 0.597133
0, 0

0.825779, 0.691994
0, 7.34473
0.797347, 0.603522
0, 0

0.821598, 0.703623
0, 7.30565
0.7925, 0.609872
0, 0

0.817352, 0.715141
0, 7.26657
0.787603, 0.616183
0, 0

0.813044, 0.726553
0, 7.22748
0.782656, 0.622454
0, 0

0.808679, 0.737866
0, 7.1884
0.777659, 0.628686
0, 0

0.804258, 0.749086
0, 7.14931
0.772612, 0.634878
0, 0

0.799784, 0.760216
0, 7.11023
0.767516, 0.64103
0, 0

0.795259, 0.771262
0, 7.07114
0.762371, 0.64714
0, 0

0.790684, 0.782226
0, 7.03205
0.757177, 0.653209
0, 0

0.786063, 0.793112
0, 6.99296
0.751935, 0.659237
0, 0

0.781396, 0.803923
0, 6.95387
0.746645, 0.665222
0, 0

0.776684, 0.81466
0, 6.91477
0.741308, 0.671165
0, 0

0.77193, 0.825327
0, 6.87568
0.735923, 0.677065
0, 0

0.767134, 0.835926
0, 6.83658
0.730491, 0.682922
0, 0

0.762297, 0.846457
0, 6.79749
0.725012, 0.688736
0, 0

0.757421, 0.856924
0, 6.75839
0.719488, 0.694505
0, 0

0.752507, 0.867328
0, 6.71929
0.713917, 0.70023
0, 0

0.747555, 0.877669
0, 6.68019
0.708301, 0.705911
0, 0

0.742567, 0.88795
0, 6.64108
0.702639, 0.711546
0, 0

0.737543, 0.898171
0, 6.60198
0.696933, 0.717136
0, 0

0.732485, 0.908335
0, 6.56287
0.691182, 0.72268
0, 0

0.727393, 0.918441
0, 6.52377
0.685387, 0.728179
0, 0

0.722268, 0.928492
0, 6.48466
0.679549, 0.73363
0, 0

0.717111, 0.938487
0, 6.44555
0.673667, 0.739035
0, 0

0.711923, 0.948428
0, 6.40643
0.667742, 0.744393
0, 0

0.706703, 0.958315
0, 6.36732
0.661775, 0.749703
0, 0

0.701454, 0.968151
0, 6.32821
0.655765, 0.754965
0, 0

0.696175, 0.977934
0, 6.28909
0.649713, 0.760179
0, 0

0.690868, 0.987667
0, 6.24997
0.64362, 0.765345
0, 0

0.685532, 0.997349
0, 6.21085
0.637486, 0.770462
0, 0

0.68017, 1.00698
0, 6.17173
0.631311, 0.77553
0, 0

0.67478, 1.01656
0, 6.13261
0.625096, 0.780548
0, 0

0.669364, 1.0261
0, 6.09348
0.618841, 0.785516
0, 0

0.663923, 1.03559
0, 6.05436
0.612547, 0.790434
0, 0

0.658456, 1.04503
0, 6.01523
0.606213, 0.795302
0, 0

0.652965, 1.05442
0, 5.9761
0.599841, 0.800119
0, 0

0.64745, 1.06377
0, 5.93697
0.59343, 0.804885
0, 0

0.641911, 1.07307
0, 5.89783
0.586982, 0.8096
0, 0

0.63635, 1.08232
0, 5.8587
0.580496, 0.814263
0, 0

0.630766, 1.09154
0, 5.81956
0.573973, 0.818874
0, 0

0.625161, 1.1007
0, 5.78042
0.567414, 0.823433
0, 0

0.619533, 1.10983
0, 5.74128
0.560818, 0.827939
0, 0

0.613885, 1.11891
0, 5.70214
0.554187, 0.832392
0, 0

0.608217, 1.12795
0, 5.663
0.54752, 0.836793
0, 0

0.602528, 1.13694
0, 5.62385
0.540818, 0.84114
0, 0

0.59682, 1.14589
0, 5.5847
0.534082, 0.845433
0, 0

0.591092, 1.1548
0, 5.54555
0.527311, 0.849672
0, 0

0.585346, 1.16368
0, 5.5064
0.520507, 0.853857
0, 0

0.579582, 1.1725
0, 5.46724
0.51367, 0.857988
0, 0

0.573799, 1.18129
0, 5.42809
0.5068, 0.862064
0, 0

0.567999, 1.19004
0, 5.38893
0.499898, 0.866084
0, 0

0.562182, 1.19875
0, 5.34977
0.492964, 0.87005
0, 0

0.556349, 1.20742
0, 5.3106
0.485998, 0.87396
0, 0

0.550499, 1.21605
0, 5.27144
0.479001, 0.877814
0, 0

0.544633, 1.22464
0, 5.23227
0.471974, 0.881613
0, 0

0.538751, 1.2332
0, 5.1931
0.464916, 0.885355
0, 0

0.532854, 1.24171
0, 5.15393
0.457829, 0.88904
0, 0

0.526943, 1.25019
0, 5.11475
0.450713, 0.892669
0, 0

0.521016, 1.25863
0, 5.07557
0.443568, 0.896241
0, 0

0.515076, 1.26704
0, 5.03639
0.436395, 0.899755
0, 0

0.509122, 1.27541
0, 4.99721
0.429194, 0.903213
0, 0

0.503154, 1.28374
0, 4.95803
0.421965, 0.906612
0, 0

0.497173, 1.29203
0, 4.91884
0.41471, 0.909954
0, 0

0.491179, 1.30029
0, 4.87965
0.407428, 0.913238
0, 0

0.485172, 1.30851
0, 4.84046
0.40012, 0.916463
0, 0

0.479154, 1.3167
0, 4.80126
0.392786, 0.91963
0, 0

0.473123, 1.32486
0, 4.76206
0.385428, 0.922738
0, 0

0.46708, 1.33298
0, 4.72286
0.378044, 0.925787
0, 0

0.461026, 1.34106
0, 4.68366
0.370637, 0.928778
0, 0

0.454961, 1.34911
0, 4.64445
0.363206, 0.931709
0, 0

0.448885, 1.35713
0, 4.60524
0.355752, 0.93458
0, 0

0.442799, 1.36512
0, 4.56603
0.348275, 0.937392
0, 0

0.436702, 1.37307
0, 4.52682
0.340776, 0.940144
0, 0

0.430595, 1.38099
0, 4.4876
0.333256, 0.942837
0, 0

0.424478, 1.38887
0, 4.44838
0.325714, 0.945468
0, 0

0.418352, 1.39672
0, 4.40915
0.318151, 0.94804
0, 0

0.412216, 1.40455
0, 4.36992
0.310568, 0.950551
0, 0

0.406071, 1.41234
0, 4.33069
0.302965, 0.953002
0, 0

0.399918, 1.42009
0, 4.29146
0.295342, 0.955391
0, 0

0.393756, 1.42782
0, 4.25222
0.287701, 0.95772
0, 0

0.387585, 1.43552
0, 4.21298
0.280042, 0.959988
0, 0

0.381406, 1.44318
0, 4.17373
0.272365, 0.962194
0, 0

0.375219, 1.45082
0, 4.13448
0.26467, 0.964339
0, 0

0.369025, 1.45842
0, 4.09523
0.256958, 0.966422
0, 0

0.362823, 1.466
0, 4.05597
0.24923, 0.968444
0, 0

0.356614, 1.47354
0, 4.01671
0.241486, 0.970404
0, 0

0.350397, 1.48106
0, 3.97745
0.233727, 0.972302
0, 0

0.344174, 1.48854
0, 3.93818
0.225953, 0.974138
0, 0

0.337944, 1.496
0, 3.89891
0.218164, 0.975912
0, 0

0.331707, 1.50343
0, 3.85963
0.210362, 0.977624
0, 0

0.325465, 1.51082
0, 3.82035
0.202546, 0.979273
0, 0

0.319216, 1.5182
0, 3.78107
0.194717, 0.98086
0, 0

0.31296, 1.52554
0, 3.74178
0.186875, 0.982384
0, 0

0.3067, 1.53285
0, 3.70248
0.179022, 0.983845
0, 0

0.300433, 1.54014
0, 3.66319
0.171157, 0.985244
0, 0

0.294161, 1.5474
0, 3.62388
0.163282, 0.986579
0, 0

0.287884, 1.55463
0, 3.58458
0.155396, 0.987852
0, 0

0.281602, 1.56184
0, 3.54526
0.1475, 0.989062
0, 0

0.275315, 1.56902
0, 3.50594
0.139595, 0.990209
0, 0

0.269023, 1.57617
0, 3.46662
0.13168, 0.991292
0, 0

0.262726, 1.58329
0, 3.42729
0.123758, 0.992312
0, 0

0.256425, 1.59039
0, 3.38796
0.115827, 0.993269
0, 0

0.250119, 1.59746
0, 3.34862
0.107889, 0.994163
0, 0

0.243809, 1.60451
0, 3.30928
0.0999443, 0.994993
0, 0

0.237496, 1.61153
0, 3.26993
0.0919931, 0.99576
0, 0

0.231178, 1.61853
0, 3.23057
0.084036, 0.996463
0, 0

0.224856, 1.6255
0, 3.19121
0.0760736, 0.997102
0, 0

0.218531, 1.63245
0, 3.15184
0.0681063, 0.997678
0, 0

0.212203, 1.63937
0, 3.11246
0.0601347, 0.99819
0, 0

0.20587, 1.64626
0, 3.07308
0.0521592, 0.998639
0, 0

0.199535, 1.65314
0, 3.03369
0.0441804, 0.999024
0, 0

0.193197, 1.65998
0, 2.9943
0.0361988, 0.999345
0, 0

0.186855, 1.66681
0, 2.9549
0.0282148, 0.999602
0, 0

0.180511, 1.67361
0, 2.91549
0.0202291, 0.999795
0, 0

0.174164, 1.68038
0, 2.87607
0.0122421, 0.999925
0, 0

0.167814, 1.68713
0, 2.83665
0.00425426, 0.999991
0, 0

0.161462, 1.69386
0, 2.79721
-0.00373382, 0.999993
0, 0

0.155107, 1.70057
0, 2.75777
-0.0117217, 0.999931
0, 0

0.14875, 1.70725
0, 2.71832
-0.0197088, 0.999806
0, 0

0.142391, 1.71391
0, 2.67887
-0.0276946, 0.999616
0, 0

0.13603, 1.72055
0, 2.6394
-0.0356787, 0.999363
0, 0

0.129667, 1.72716
0, 2.59993
-0.0436604, 0.999046
0, 0

0.123302, 1.73376
0, 2.56044
-0.0516395, 0.998666
0, 0

0.116935, 1.74033
0, 2.52095
-0.0596152, 0.998221
0, 0

0.110566, 1.74687
0, 2.48144
-0.0675871, 0.997713
0, 0

0.104196, 1.7534
0, 2.44193
-0.0755547, 0.997142
0, 0

0.0978238, 1.75991
0, 2.40241
-0.0835174, 0.996506
0, 0

0.0914506, 1.76639
0, 2.36287
-0.0914749, 0.995807
0, 0

0.085076, 1.77285
0, 2.32332
-0.0994265, 0.995045
0, 0

0.0787003, 1.77929
0, 2.28376
-0.107372, 0.994219
0, 0

0.0723233, 1.78571
0, 2.24419
-0.11531, 0.99333
0, 0

0.0659453, 1.79211
0, 2.20461
-0.123241, 0.992377
0, 0

0.0595663, 1.79849
0, 2.16501
-0.131164, 0.991361
0, 0

0.0531864, 1.80485
0, 2.1254
-0.139079, 0.990281
0, 0

0.0468057, 1.81118
0, 2.08578
-0.146985, 0.989139
0, 0

0.0404242, 1.8175
0, 2.04614
-0.154882, 0.987933
0, 0

0.0340421, 1.8238
0, 2.00649
-0.162768, 0.986664
0, 0

0.0276593, 1.83007
0, 1.96682
-0.170645, 0.985333
0, 0

0.0212761, 1.83633
0, 1.92713
-0.17851, 0.983938
0, 0

0.0148924, 1.84257
0, 1.88743
-0.186364, 0.982481
0, 0

0.00850828, 1.84434
0, 1.84771
-0.194206, 0.980961
0, 0

0.00212387, 1.80685
0, 1.80797
-0.202036, 0.979378
0, 0

-0.000142149, 1.77537
0.000142119, 1.77537
-0.209853, 0.977733
0, 0

-0.000586557, 1.75547
0.000586045, 1.75547
-0.217656, 0.976025
0, 0

-0.00103128, 1.73555
0.00102964, 1.73555
-0.225446, 0.974256
0, 0

-0.00147633, 1.71561
0.00147288, 1.71561
-0.233221, 0.972424
0, 0

-0.00192175, 1.69565
0.00191571, 1.69565
-0.240981, 0.97053
0, 0

-0.00236757, 1.67566
0.00235809, 1.67566
-0.248726, 0.968574
0, 0

-0.0028138, 1.65565
0.00279998, 1.65565
-0.256455, 0.966556
0, 0

-0.0032605, 1.63561
0.00324133, 1.63561
-0.264168, 0.964477
0, 0

-0.00370769, 1.61555
0.00368208, 1.61555
-0.271864, 0.962336
0, 0

-0.00415542, 1.59547
0.00412217, 1.59547
-0.279542, 0.960133
0, 0

-0.00460373, 1.57535
0.00456154, 1.57535
-0.287203, 0.95787
0, 0

-0.00505266, 1.55521
0.00500013, 1.55521
-0.294845, 0.955545
0, 0

-0.00550227, 1.53505
0.00543786, 1.53505
-0.302469, 0.953159
0, 0

-0.00595262, 1.51485
0.00587466, 1.51485
-0.310073, 0.950713
0, 0

-0.00640375, 1.49463
0.00631044, 1.49463
-0.317657, 0.948206
0, 0

-0.00685574, 1.47437
0.00674513, 1.47437
-0.325221, 0.945638
0, 0

-0.00730864, 1.45408
0.00717861, 1.45409
-0.332765, 0.94301
0, 0

-0.00776253, 1.43377
0.00761081, 1.43377
-0.340287, 0.940322
0, 0

-0.00821747, 1.41342
0.00804162, 1.41342
-0.347787, 0.937573
0, 0

-0.00867356, 1.39303
0.00847093, 1.39304
-0.355266, 0.934765
0, 0

-0.00913086, 1.37262
0.00889864, 1.37262
-0.362721, 0.931898
0, 0

-0.00958946, 1.35216
0.00932461, 1.35217
-0.370154, 0.928971
0, 0

-0.0100494, 1.33167
0.00974875, 1.33168
-0.377563, 0.925984
0, 0

-0.0105109, 1.31115
0.0101709, 1.31115
-0.384947, 0.922939
0, 0

-0.0109739, 1.29058
0.010591, 1.29059
-0.392307, 0.919834
0, 0

-0.0114386, 1.26998
0.0110089, 1.26998
-0.399643, 0.916671
0, 0

-0.011905, 1.24933
0.0114244, 1.24934
-0.406952, 0.913449
0, 0

-0.0123732, 1.22864
0.0118374, 1.22865
-0.414236, 0.91017
0, 0

-0.0128433, 1.20791
0.0122479, 1.20792
-0.421493, 0.906832
0, 0

-0.0133153, 1.18713
0.0126556, 1.18715
-0.428723, 0.903436
0, 0

-0.0137894, 1.16631
0.0130605, 1.16632
-0.435926, 0.899982
0, 0

-0.0142656, 1.14543
0.0134624, 1.14546
-0.443102, 0.896471
0, 0

-0.0147439, 1.12451
0.0138612, 1.12454
-0.450249, 0.892903
0, 0

-0.0152244, 1.10354
0.0142568, 1.10357
-0.457367, 0.889278
0, 0

-0.015707, 1.08251
0.0146491, 1.08254
-0.464456, 0.885596
0, 0

-0.0161919, 1.06143
0.015038, 1.06146
-0.471515, 0.881858
0, 0

-0.0166789, 1.04029
0.0154234, 1.04033
-0.478544, 0.878063
0, 0

-0.017168, 1.01909
0.0158053, 1.01913
-0.485543, 0.874213
0, 0

-0.0176591, 0.997834
0.0161834, 0.997878
-0.492511, 0.870306
0, 0

-0.0181523, 0.976509
0.0165578, 0.976558
-0.499447, 0.866344
0, 0

-0.0186473, 0.955118
0.0169283, 0.955171
-0.506351, 0.862327
0, 0

-0.0191441, 0.933657
0.0172949, 0.933714
-0.513224, 0.858255
0, 0

-0.0196424, 0.912124
0.0176575, 0.912184
-0.520063, 0.854128
0, 0

-0.0201422, 0.890514
0.0180159, 0.890579
-0.526869, 0.849946
0, 0

-0.0206431, 0.868824
0.0183702, 0.868894
-0.533642, 0.845711
0, 0

-0.021145, 0.84705
0.0187201, 0.847125
-0.54038, 0.841421
0, 0

-0.0216476, 0.825189
0.0190657, 0.825268
-0.547084, 0.837078
0, 0

-0.0221505, 0.803235
0.0194066, 0.803318
-0.553753, 0.832681
0, 0

-0.0226535, 0.781183
0.0197429, 0.781271
-0.560387, 0.828231
0, 0

-0.0231562, 0.759028
0.0200742, 0.75912
-0.566985, 0.823728
0, 0

-0.023658, 0.736765
0.0204005, 0.736861
-0.573547, 0.819173
0, 0

-0.0241587, 0.714385
0.0207213, 0.714485
-0.580072, 0.814565
0, 0

-0.0246575, 0.691882
0.0210366, 0.691986
-0.586561, 0.809905
0, 0

-0.0251539, 0.669248
0.0213458, 0.669356
-0.593011, 0.805194
0, 0

-0.0256473, 0.646474
0.0216486, 0.646586
-0.599424, 0.800431
0, 0

-0.0261368, 0.623549
0.0219445, 0.623665
-0.605799, 0.795618
0, 0

-0.0266216, 0.600463
0.022233, 0.600583
-0.612135, 0.790753
0, 0

-0.0271005, 0.577203
0.0225133, 0.577326
-0.618432, 0.785838
0, 0

-0.0275724, 0.553755
0.0227845, 0.553881
-0.62469, 0.780873
0, 0

-0.0280359, 0.530102
0.0230458, 0.53023
-0.630907, 0.775858
0, 0

-0.0284892, 0.506226
0.0232958, 0.506357
-0.637085, 0.770794
0, 0

-0.0289303, 0.482105
0.0235331, 0.482238
-0.643222, 0.76568
0, 0

-0.0293566, 0.457714
0.0237557, 0.457848
-0.649317, 0.760517
0, 0

-0.0297652, 0.433024
0.0239615, 0.433159
-0.655372, 0.755306
0, 0

-0.0301521, 0.408
0.0241474, 0.408136
-0.661384, 0.750047
0, 0

-0.0305124, 0.3826
0.0243097, 0.382735
-0.667355, 0.74474
0, 0

-0.0308397, 0.356772
0.0244436, 0.356905
-0.673282, 0.739386
0, 0

-0.0311256, 0.330454
0.0245425, 0.330582
-0.679167, 0.733984
0, 0

-0.0313585, 0.303564
0.0245976, 0.303686
-0.685008, 0.728535
0, 0

-0.0315222, 0.275997
0.0245963, 0.276109
-0.690806, 0.72304
0, 0

-0.0315932, 0.247614
0.0245205, 0.24771
-0.69656, 0.717499
0, 0

-0.0315351, 0.21822
0.0243421, 0.218291
-0.702269, 0.711912
0, 0

-0.0312888, 0.187529
0.0240151, 0.187559
-0.707933, 0.706279
0, 0

-0.0307479, 0.155092
0.0234568, 0.15505
-0.713552, 0.700602
0, 0

-0.0296944, 0.120119
0.0224958, 0.11994
-0.719126, 0.69488
0, 0

-0.0275624, 0.0809529
0.0206777, 0.0804453
-0.724654, 0.689113
0, 0

-0.021801, 0.0324044
0.0157522, 0.0304481
-0.730135, 0.683303
0, 0

0.034169, 0.0120278
-0.0399275, 0.0298776
-0.73557, 0.677448
0, 0

0.0719655, 0.0507716
-0.0807469, 0.0769875
-0.740958, 0.671551
0, 0

0.101487, 0.084218
-0.117135, 0.120033
-0.746299, 0.665611
0, 0

0.128023, 0.115235
-0.151852, 0.161381
-0.751592, 0.659628
0, 0

0.152925, 0.144792
-0.18566, 0.201765
-0.756837, 0.653603
0, 0

0.176772, 0.173355
-0.218888, 0.24152
-0.762034, 0.647537
0, 0

0.199874, 0.20119
-0.251713, 0.280831
-0.767182, 0.641429
0, 0

0.222416, 0.228463
-0.284241, 0.319808
-0.772282, 0.63528
0, 0

0.244522, 0.255289
-0.316539, 0.358528
-0.777332, 0.629091
0, 0

0.266275, 0.281749
-0.348656, 0.39704
-0.782332, 0.622862
0, 0

0.287738, 0.307902
-0.380626, 0.435384
-0.787282, 0.616593
0, 0

0.308956, 0.333795
-0.412475, 0.473586
-0.792183, 0.610284
0, 0

0.329966, 0.359464
-0.444222, 0.511669
-0.797032, 0.603937
0, 0

0.350796, 0.384936
-0.475885, 0.549649
-0.801831, 0.597551
0, 0

0.371468, 0.410237
-0.507477, 0.58754
-0.806579, 0.591127
0, 0

0.392001, 0.435384
-0.539009, 0.625351
-0.811275, 0.584665
0, 0

0.41241, 0.460394
-0.57049, 0.66309
-0.815919, 0.578166
0, 0

0.432708, 0.485282
-0.601928, 0.700763
-0.820512, 0.57163
0, 0

0.452906, 0.510057
-0.633328, 0.738374
-0.825052, 0.565057
0, 0

0.473013, 0.534731
-0.664693, 0.775926
-0.829539, 0.558448
0, 0

0.493037, 0.559313
-0.696025, 0.813424
-0.833974, 0.551804
0, 0

0.512987, 0.583809
-0.727326, 0.850873
-0.838355, 0.545125
0, 0

0.532866, 0.608226
-0.758596, 0.888276
-0.842683, 0.538411
0, 0

0.552682, 0.632571
-0.789837, 0.925638
-0.846957, 0.531662
0, 0

0.572438, 0.656848
-0.821052, 0.962963
-0.851176, 0.52488
0, 0

0.592139, 0.681062
-0.852241, 1.00025
-0.855342, 0.518064
0, 0

0.611789, 0.705218
-0.883407, 1.03751
-0.859453, 0.511215
0, 0

0.631391, 0.729319
-0.91455, 1.07474
-0.863509, 0.504333
0, 0

0.650948, 0.753369
-0.945673, 1.11195
-0.86751, 0.497419
0, 0

0.670463, 0.77737
-0.976776, 1.14913
-0.871456, 0.490474
0, 0

0.689939, 0.801326
-1.00786, 1.18628
-0.875346, 0.483497
0, 0

0.709377, 0.825239
-1.03893, 1.22342
-0.87918, 0.476489
0, 0

0.728781, 0.849112
-1.06998, 1.26053
-0.882958, 0.469451
0, 0

0.748151, 0.872946
-1.10102, 1.29763
-0.88668, 0.462383
0, 0

0.76749, 0.896744
-1.13204, 1.33471
-0.890346, 0.455285
0, 0

0.7868, 0.920507
-1.16305, 1.37177
-0.893954, 0.448159
0, 0

0.806081, 0.944238
-1.19404, 1.40882
-0.897505, 0.441004
0, 0

0.825335, 0.967937
-1.22503, 1.44585
-0.900999, 0.43382
0, 0

0.844564, 0.991607
-1.256, 1.48287
-0.904436, 0.426609
0, 0

0.863768, 1.01525
-1.28696, 1.51987
-0.907815, 0.419371
0, 0

0.882949, 1.03886
-1.31791, 1.55686
-0.911136, 0.412106
0, 0

0.902108, 1.06245
-1.34885, 1.59384
-0.914399, 0.404815
0, 0

0.921246, 1.08601
-1.37978, 1.63081
-0.917603, 0.397497
0, 0

0.940363, 1.10955
-1.4107, 1.66777
-0.920749, 0.390155
0, 0

0.959461, 1.13307
-1.44161, 1.70472
-0.923836, 0.382788
0, 0

0.97854, 1.15656
-1.47252, 1.74165
-0.926865, 0.375396
0, 0

0.997601, 1.18004
-1.50341, 1.77858
-0.929834, 0.36798
0, 0

1.01665, 1.20349
-1.5343, 1.8155
-0.932743, 0.360541
0, 0

1.03567, 1.22692
-1.56519, 1.85241
-0.935594, 0.353078
0, 0

1.05468, 1.25034
-1.59606, 1.88931
-0.938384, 0.345594
0, 0

1.07368, 1.27374
-1.62693, 1.9262
-0.941115, 0.338087
0, 0

1.09266, 1.29711
-1.65779, 1.96308
-0.943786, 0.330558
0, 0

1.11163, 1.32048
-1.68864, 1.99996
-0.946396, 0.323009
0, 0

1.13058, 1.34382
-1.71949, 2.03683
-0.948946, 0.315439
0, 0

1.14952, 1.36715
-1.75034, 2.07369
-0.951435, 0.307848
0, 0

1.16845, 1.39047
-1.78117, 2.11055
-0.953864, 0.300239
0, 0

1.18736, 1.41377
-1.81201, 2.1474
-0.956232, 0.292609
0, 0

1.20627, 1.43706
-1.84283, 2.18424
-0.958539, 0.284962
0, 0

1.22516, 1.46033
-1.87366, 2.22108
-0.960785, 0.277296
0, 0

1.24404, 1.48359
-1.90447, 2.25791
-0.962969, 0.269612
0, 0

1.2629, 1.50683
-1.93528, 2.29474
-0.965092, 0.261911
0, 0

1.28176, 1.53007
-1.96609, 2.33156
-0.967153, 0.254194
0, 0

1.30061, 1.55329
-1.9969, 2.36837
-0.969153, 0.24646
0, 0

1.31945, 1.5765
-2.02769, 2.40518
-0.971091, 0.238711
0, 0

1.33828, 1.5997
-2.05849, 2.44198
-0.972967, 0.230946
0, 0

1.3571, 1.62288
-2.08928, 2.47878
-0.97478, 0.223167
0, 0

1.37591, 1.64606
-2.12007, 2.51558
-0.976532, 0.215373
0, 0

1.39471, 1.66923
-2.15085, 2.55237
-0.978221, 0.207565
0, 0

1.4135, 1.69238
-2.18163, 2.58916
-0.979848, 0.199745
0, 0

1.43228, 1.71553
-2.2124, 2.62594
-0.981412, 0.191911
0, 0

1.45106, 1.73866
-2.24318, 2.66272
-0.982914, 0.184066
0, 0

1.46982, 1.76179
-2.27395, 2.69949
-0.984353, 0.176208
0, 0

1.48858, 1.7849
-2.30471, 2.73626
-0.985729, 0.16834
0, 0

1.50734, 1.80801
-2.33547, 2.77302
-0.987042, 0.16046
0, 0

1.52608, 1.83111
-2.36623, 2.80979
-0.988293, 0.152571
0, 0

1.54482, 1.8542
-2.39699, 2.84654
-0.98948, 0.144671
0, 0

1.56355, 1.87728
-2.42774, 2.8833
-0.990604, 0.136763
0, 0

1.58227, 1.90036
-2.45849, 2.92005
-0.991665, 0.128845
0, 0

1.60099, 1.92342
-2.48924, 2.9568
-0.992662, 0.12092
0, 0

1.6197, 1.94648
-2.51998, 2.99354
-0.993597, 0.112987
0, 0

1.63841, 1.96953
-2.55073, 3.03028
-0.994467, 0.105046
0, 0

1.6571, 1.99257
-2.58146, 3.06702
-0.995275, 0.0970989
0, 0

1.6758, 2.01561
-2.6122, 3.10376
-0.996019, 0.0891455
0, 0

1.69448, 2.03864
-2.64294, 3.14049
-0.996699, 0.0811864
0, 0

1.71316, 2.06166
-2.67367, 3.17722
-0.997316, 0.0732222
0, 0

1.73184, 2.08467
-2.7044, 3.21394
-0.997869, 0.0652533
0, 0

1.75051, 2.10768
-2.73512, 3.25067
-0.998358, 0.0572802
0, 0

1.76917, 2.13068
-2.76585, 3.28739
-0.998784, 0.0493035
0, 0

1.78783, 2.15368
-2.79657, 3.32411
-0.999146, 0.0413236
0, 0

1.80648, 2.17667
-2.82729, 3.36082
-0.999444, 0.0333411
0, 0

1.82513, 2.19965
-2.85801, 3.39754
-0.999678, 0.0253565
0, 0

1.84377, 2.22262
-2.88873, 3.43425
-0.999849, 0.0173702
0, 0

1.86241, 2.2456
-2.91944, 3.47095
-0.999956, 0.00938286
0, 0

1.88104, 2.26856
-2.95015, 3.50766
-0.999999, 0.0013949
0, 0

1.89967, 2.29152
-2.98086, 3.54436
-0.999978, -0.00659315
0, 0

1.9183, 2.31447
-3.01157, 3.58106
-0.999894, -0.0145808
0, 0

1.93692, 2.33742
-3.04228, 3.61776
-0.999745, -0.0225675
0, 0

1.95553, 2.36037
-3.07298, 3.65446
-0.999533, -0.0305527
0, 0

1.97414, 2.3833
-3.10368, 3.69115
-0.999257, -0.0385361
0, 0

1.99275, 2.40624
-3.13438, 3.72785
-0.998918, -0.0465169
0, 0

2.01135, 2.42917
-3.16508, 3.76454
-0.998514, -0.0544948
0, 0

2.02995, 2.45209
-3.19578, 3.80122
-0.998047, -0.0624692
0, 0

2.04854, 2.47501
-3.22648, 3.83791
-0.997516, -0.0704396
0, 0

2.06713, 2.49792
-3.25717, 3.87459
-0.996922, -0.0784055
0, 0

2.08572, 2.52083
-3.28786, 3.91128
-0.996263, -0.0863665
0, 0

2.1043, 2.54373
-3.31855, 3.94796
-0.995542, -0.0943219
0, 0

2.12288, 2.56663
-3.34924, 3.98464
-0.994757, -0.102271
0, 0

2.14146, 2.58953
-3.37993, 4.02131
-0.993908, -0.110214
0, 0

2.16003, 2.61242
-3.41062, 4.05799
-0.992996, -0.11815
0, 0

2.1786, 2.63531
-3.4413, 4.09466
-0.99202, -0.126078
0, 0

2.19716, 2.65819
-3.47199, 4.13133
-0.990982, -0.133999
0, 0

2.21572, 2.68107
-3.50267, 4.168
-0.98988, -0.14191
0, 0

2.23428, 2.70394
-3.53335, 4.20467
-0.988714, -0.149813
0, 0

2.25284, 2.72681
-3.56403, 4.24134
-0.987486, -0.157706
0, 0

2.27139, 2.74968
-3.59471, 4.278
-0.986195, -0.165589
0, 0

2.28994, 2.77254
-3.62538, 4.31467
-0.984841, -0.173461
0, 0

2.30848, 2.7954
-3.65606, 4.35133
-0.983424, -0.181323
0, 0

2.32702, 2.81826
-3.68673, 4.38799
-0.981944, -0.189173
0, 0

2.34556, 2.84111
-3.71741, 4.42465
-0.980401, -0.19701
0, 0

2.3641, 2.86395
-3.74808, 4.4613
-0.978796, -0.204836
0, 0

2.38263, 2.8868
-3.77875, 4.49796
-0.977129, -0.212648
0, 0

2.40116, 2.90964
-3.80942, 4.53461
-0.975399, -0.220446
0, 0

2.41969, 2.93248
-3.84009, 4.57127
-0.973607, -0.228231
0, 0

2.43821, 2.95531
-3.87075, 4.60792
-0.971753, -0.236001
0, 0

2.45673, 2.97814
-3.90142, 4.64457
-0.969837, -0.243755
0, 0

2.47525, 3.00097
-3.93208, 4.68122
-0.967859, -0.251495
0, 0

2.49377, 3.02379
-3.96275, 4.71787
-0.965819, -0.259218
0, 0

2.51228, 3.04661
-3.99341, 4.75451
-0.963717, -0.266925
0, 0

2.53079, 3.06943
-4.02407, 4.79116
-0.961554, -0.274614
0, 0

2.5493, 3.09225
-4.05473, 4.8278
-0.95933, -0.282286
0, 0

2.56781, 3.11506
-4.08539, 4.86444
-0.957045, -0.289941
0, 0

2.58631, 3.13787
-4.11605, 4.90109
-0.954698, -0.297576
0, 0

2.60481, 3.16067
-4.14671, 4.93773
-0.952291, -0.305193
0, 0

2.62331, 3.18347
-4.17736, 4.97436
-0.949822, -0.31279
0, 0

2.64181, 3.20627
-4.20802, 5.011
-0.947293, -0.320367
0, 0

2.6603, 3.22907
-4.23867, 5.04764
-0.944704, -0.327924
0, 0

2.67879, 3.25186
-4.26933, 5.08427
-0.942054, -0.33546
0, 0

2.69728, 3.27466
-4.29998, 5.12091
-0.939345, -0.342974
0, 0

2.71577, 3.29744
-4.33063, 5.15754
-0.936575, -0.350467
0, 0

2.73425, 3.32023
-4.36128, 5.19417
-0.933746, -0.357937
0, 0

2.75274, 3.34301
-4.39193, 5.23081
-0.930857, -0.365384
0, 0

2.77122, 3.36579
-4.42258, 5.26744
-0.927908, -0.372809
0, 0

2.7897, 3.38857
-4.45323, 5.30407
-0.924901, -0.380209
0, 0

2.80817, 3.41135
-4.48388, 5.34069
-0.921834, -0.387585
0, 0

2.82665, 3.43412
-4.51452, 5.37732
-0.918709, -0.394936
0, 0

2.84512, 3.45689
-4.54517, 5.41395
-0.915525, -0.402262
0, 0

2.86359, 3.47966
-4.57581, 5.45057
-0.912282, -0.409562
0, 0

2.88206, 3.50243
-4.60646, 5.4872
-0.908981, -0.416837
0, 0

2.90052, 3.52519
-4.6371, 5.52382
-0.905623, -0.424084
0, 0

2.91899, 3.54795
-4.66774, 5.56044
-0.902206, -0.431305
0, 0

2.93745, 3.57071
-4.69838, 5.59706
-0.898732, -0.438498
0, 0

2.95591, 3.59346
-4.72903, 5.63368
-0.895201, -0.445663
0, 0

2.97437, 3.61622
-4.75967, 5.6703
-0.891612, -0.4528
0, 0

2.99283, 3.63897
-4.7903, 5.70692
-0.887967, -0.459908
0, 0

3.01128, 3.66172
-4.82094, 5.74354
-0.884265, -0.466986
0, 0

3.02973, 3.68447
-4.85158, 5.78016
-0.880506, -0.474035
0, 0

3.04818, 3.70721
-4.88222, 5.81677
-0.876692, -0.481053
0, 0

3.06663, 3.72996
-4.91285, 5.85339
-0.872821, -0.488041
0, 0

3.08508, 3.7527
-4.94349, 5.89
-0.868895, -0.494997
0, 0

3.10353, 3.77543
-4.97413, 5.92662
-0.864913, -0.501922
0, 0

3.12197, 3.79817
-5.00476, 5.96323
-0.860876, -0.508815
0, 0

3.14041, 3.82091
-5.03539, 5.99984
-0.856784, -0.515676
0, 0

3.15886, 3.84364
-5.06603, 6.03645
-0.852637, -0.522503
0, 0

3.1773, 3.86637
-5.09666, 6.07306
-0.848436, -0.529297
0, 0

3.19573, 3.8891
-5.12729, 6.10967
-0.844181, -0.536058
0, 0

3.21417, 3.91183
-5.15792, 6.14628
-0.839872, -0.542784
0, 0

3.2326, 3.93455
-5.18855, 6.18289
-0.83551, -0.549476
0, 0

3.25104, 3.95727
-5.21918, 6.21949
-0.831094, -0.556132
0, 0

3.26947, 3.97999
-5.24981, 6.2561
-0.826625, -0.562753
0, 0

3.2879, 4.00271
-5.28044, 6.29271
-0.822103, -0.569338
0, 0

3.30633, 4.02543
-5.31107, 6.32931
-0.817529, -0.575887
0, 0

3.32475, 4.04815
-5.34169, 6.36592
-0.812903, -0.582399
0, 0

3.34318, 4.07086
-5.37232, 6.40252
-0.808225, -0.588874
0, 0

3.3616, 4.09357
-5.40295, 6.43912
-0.803495, -0.595311
0, 0

3.38003, 4.11628
-5.43357, 6.47572
-0.798714, -0.601711
0, 0

3.39845, 4.13899
-5.4642, 6.51233
-0.793882, -0.608072
0, 0

3.41687, 4.1617
-5.49482, 6.54893
-0.789, -0.614394
0, 0

3.43529, 4.1844
-5.52545, 6.58553
-0.784067, -0.620677
0, 0

3.4537, 4.20711
-5.55607, 6.62213
-0.779084, -0.62692
0, 0

3.47212, 4.22981
-5.58669, 6.65873
-0.774051, -0.633123
0, 0

3.49053, 4.25251
-5.61731, 6.69532
-0.768969, -0.639286
0, 0

3.50895, 4.27521
-5.64794, 6.73192
-0.763838, -0.645408
0, 0

3.52736, 4.29791
-5.67856, 6.76852
-0.758658, -0.651489
0, 0

3.54577, 4.3206
-5.70918, 6.80511
-0.753429, -0.657529
0, 0

3.56418, 4.34329
-5.7398, 6.84171
-0.748153, -0.663526
0, 0

3.58258, 4.36599
-5.77042, 6.8783
-0.742829, -0.669481
0, 0

3.60099, 4.38868
-5.80104, 6.9149
-0.737457, -0.675394
0, 0

3.6194, 4.41137
-5.83166, 6.95149
-0.732039, -0.681263
0, 0

3.6378, 4.43405
-5.86227, 6.98809
-0.726573, -0.687089
0, 0

3.6562, 4.45674
-5.89289, 7.02468
-0.721062, -0.692871
0, 0

3.6746, 4.47943
-5.92351, 7.06127
-0.715504, -0.698608
0, 0

3.693, 4.50211
-5.95412, 7.09786
-0.709901, -0.704302
0, 0

3.7114, 4.52479
-5.98474, 7.13445
-0.704252, -0.70995
0, 0

3.7298, 4.54747
-6.01536, 7.17104
-0.698559, -0.715553
0, 0

3.7482, 4.57015
-6.04597, 7.20763
-0.692821, -0.72111
0, 0

3.76659, 4.59283
-6.07659, 7.24422
-0.687038, -0.726621
0, 0

3.78499, 4.6155
-6.1072, 7.28081
-0.681212, -0.732086
0, 0

3.80338, 4.63818
-6.13781, 7.3174
-0.675342, -0.737504
0, 0

3.82177, 4.66085
-6.16843, 7.35399
-0.66943, -0.742875
0, 0

3.84017, 4.68352
-6.19904, 7.39057
-0.663474, -0.748199
0, 0

3.85856, 4.70619
-6.22965, 7.42716
-0.657476, -0.753475
0, 0

3.87694, 4.72886
-6.26027, 7.46375
-0.651437, -0.758703
0, 0

3.89533, 4.75153
-6.29088, 7.50033
-0.645355, -0.763883
0, 0

3.91372, 4.7742
-6.32149, 7.53692
-0.639233, -0.769013
0, 0

3.9321, 4.79686
-6.3521, 7.5735
-0.63307, -0.774095
0, 0

3.95049, 4.81953
-6.38271, 7.61009
-0.626866, -0.779127
0, 0

3.96887, 4.84219
-6.41332, 7.64667
-0.620622, -0.78411
0, 0

3.98726, 4.86485
-6.44393, 7.68325
-0.614339, -0.789042
0, 0

4.00564, 4.88751
-6.47454, 7.71983
-0.608016, -0.793924
0, 0

4.02402, 4.91017
-6.50515, 7.75642
-0.601655, -0.798756
0, 0

4.0424, 4.93283
-6.53575, 7.793
-0.595255, -0.803537
0, 0

4.06078, 4.95549
-6.56636, 7.82958
-0.588818, -0.808266
0, 0

4.07915, 4.97814
-6.59697, 7.86616
-0.582343, -0.812943
0, 0

4.09753, 5.0008
-6.62758, 7.90274
-0.57583, -0.817569
0, 0

4.11591, 5.02345
-6.65818, 7.93932
-0.569281, -0.822143
0, 0

4.13428, 5.0461
-6.68879, 7.9759
-0.562696, -0.826664
0, 0

4.15265, 5.06875
-6.7194, 8.01248
-0.556074, -0.831133
0, 0

4.17103, 5.0914
-6.75, 8.04906
-0.549417, -0.835548
0, 0

4.1894, 5.11405
-6.78061, 8.08563
-0.542726, -0.83991
0, 0

4.20777, 5.1367
-6.81121, 8.12221
-0.535999, -0.844219
0, 0

4.22614, 5.15934
-6.84182, 8.15879
-0.529238, -0.848473
0, 0

4.24451, 5.18199
-6.87242, 8.19537
-0.522444, -0.852674
0, 0

4.26288, 5.20463
-6.90302, 8.23194
-0.515616, -0.85682
0, 0

4.28124, 5.22728
-6.93363, 8.26852
-0.508755, -0.860911
0, 0

4.29961, 5.24992
-6.96423, 8.30509
-0.501862, -0.864948
0, 0

4.31798, 5.27256
-6.99483, 8.34167
-0.494937, -0.868929
0, 0

4.33634, 5.2952
-7.02544, 8.37824
-0.48798, -0.872855
0, 0

4.35471, 5.31784
-7.05604, 8.41482
-0.480992, -0.876725
0, 0

4.37307, 5.34047
-7.08664, 8.45139
-0.473973, -0.880539
0, 0

4.39143, 5.36311
-7.11724, 8.48796
-0.466924, -0.884297
0, 0

4.40979, 5.38575
-7.14784, 8.52454
-0.459846, -0.887999
0, 0

4.42815, 5.40838
-7.17844, 8.56111
-0.452738, -0.891644
0, 0

4.44651, 5.43102
-7.20904, 8.59768
-0.445601, -0.895232
0, 0

4.46487, 5.45365
-7.23964, 8.63425
-0.438436, -0.898763
0, 0

4.48323, 5.47628
-7.27024, 8.67082
-0.431242, -0.902236
0, 0

4.50159, 5.49891
-7.30084, 8.70739
-0.424021, -0.905652
0, 0

4.51994, 5.52154
-7.33144, 8.74396
-0.416773, -0.90901
0, 0

4.5383, 5.54417
-7.36204, 8.78053
-0.409499, -0.912311
0, 0

4.55665, 5.5668
-7.39264, 8.8171
-0.402198, -0.915553
0, 0

4.57501, 5.58942
-7.42324, 8.85367
-0.394872, -0.918736
0, 0

4.59336, 5.61205
-7.45383, 8.89024
-0.387521, -0.921861
0, 0

4.61171, 5.63467
-7.48443, 8.92681
-0.380144, -0.924927
0, 0

4.63006, 5.6573
-7.51503, 8.96338
-0.372744, -0.927934
0, 0

4.64842, 5.67992
-7.54563, 8.99995
-0.36532, -0.930882
0, 0

4.66677, 5.70254
-7.57622, 9.03652
-0.357872, -0.933771
0, 0

4.68512, 5.72516
-7.60682, 9.07308
-0.350402, -0.936599
0, 0

4.70346, 5.74778
-7.63742, 9.10965
-0.342909, -0.939369
0, 0

4.72181, 5.7704
-7.66801, 9.14622
-0.335394, -0.942078
0, 0

4.74016, 5.79302
-7.69861, 9.18278
-0.327858, -0.944727
0, 0

4.75851, 5.81564
-7.7292, 9.21935
-0.320301, -0.947316
0, 0

4.77685, 5.83826
-7.7598, 9.25591
-0.312724, -0.949844
0, 0

4.7952, 5.86087
-7.79039, 9.29248
-0.305127, -0.952312
0, 0

4.81354, 5.88349
-7.82099, 9.32904
-0.29751, -0.954719
0, 0

4.83189, 5.9061
-7.85158, 9.36561
-0.289874, -0.957065
0, 0

4.85023, 5.92871
-7.88217, 9.40217
-0.28222, -0.95935
0, 0

4.86857, 5.95133
-7.91277, 9.43874
-0.274547, -0.961574
0, 0

4.88691, 5.97394
-7.94336, 9.4753
-0.266858, -0.963736
0, 0

4.90525, 5.99655
-7.97395, 9.51186
-0.259151, -0.965837
0, 0

4.92359, 6.01916
-8.00455, 9.54843
-0.251427, -0.967876
0, 0

4.94193, 6.04177
-8.03514, 9.58499
-0.243688, -0.969854
0, 0

4.96027, 6.06438
-8.06573, 9.62155
-0.235933, -0.971769
0, 0

4.97861, 6.08698
-8.09632, 9.65811
-0.228163, -0.973623
0, 0

4.99695, 6.10959
-8.12691, 9.69467
-0.220378, -0.975414
0, 0

5.01529, 6.1322
-8.15751, 9.73124
-0.21258, -0.977144
0, 0

5.03362, 6.1548
-8.1881, 9.7678
-0.204767, -0.978811
0, 0

5.05196, 6.17741
-8.21869, 9.80436
-0.196942, -0.980415
0, 0

5.07029, 6.20001
-8.24928, 9.84092
-0.189104, -0.981957
0, 0

5.08863, 6.22261
-8.27987, 9.87748
-0.181254, -0.983436
0, 0

5.10696, 6.24521
-8.31046, 9.91404
-0.173393, -0.984853
0, 0

5.12529, 6.26782
-8.34105, 9.9506
-0.16552, -0.986206
0, 0

5.14363, 6.29042
-8.37164, 9.98716
-0.157637, -0.987497
0, 0

5.16196, 6.31302
-8.40223, 10.0237
-0.149744, -0.988725
0, 0

5.18029, 6.33562
-8.43282, 10.0603
-0.141841, -0.989889
0, 0

5.19862, 6.35821
-8.46341, 10.0968
-0.13393, -0.990991
0, 0

5.21695, 6.38081
-8.494, 10.1334
-0.126009, -0.992029
0, 0

5.23528, 6.40341
-8.52458, 10.1699
-0.118081, -0.993004
0, 0

5.25361, 6.426
-8.55517, 10.2065
-0.110145, -0.993916
0, 0

5.27194, 6.4486
-8.58576, 10.2431
-0.102202, -0.994764
0, 0

5.29027, 6.47119
-8.61635, 10.2796
-0.0942526, -0.995548
0, 0

5.30859, 6.49379
-8.64694, 10.3162
-0.0862972, -0.996269
0, 0

5.32692, 6.51638
-8.67752, 10.3527
-0.0783362, -0.996927
0, 0

5.34525, 6.53897
-8.70811, 10.3893
-0.0703702, -0.997521
0, 0

5.36357, 6.56157
-8.7387, 10.4258
-0.0623998, -0.998051
0, 0

5.3819, 6.58416
-8.76928, 10.4624
-0.0544253, -0.998518
0, 0

5.40022, 6.60675
-8.79987, 10.499
-0.0464474, -0.998921
0, 0

5.41855, 6.62934
-8.83046, 10.5355
-0.0384665, -0.99926
0, 0

5.43687, 6.65193
-8.86104, 10.5721
-0.0304832, -0.999535
0, 0

5.45519, 6.67452
-8.89163, 10.6086
-0.0224979, -0.999747
0, 0

5.47352, 6.6971
-8.92221, 10.6452
-0.0145112, -0.999895
0, 0

5.49184, 6.71969
-8.9528, 10.6817
-0.00652358, -0.999979
0, 0

5.51016, 6.74228
-8.98338, 10.7183
0.00146447, -0.999999
0, 0

5.52848, 6.76486
-9.01397, 10.7548
0.00945243, -0.999955
0, 0

5.5468, 6.78745
-9.04455, 10.7914
0.0174398, -0.999848
0, 0

5.56512, 6.81003
-9.07514, 10.8279
0.025426, -0.999677
0, 0

5.58344, 6.83262
-9.10572, 10.8645
0.0334107, -0.999442
0, 0

5.60176, 6.8552
-9.13631, 10.9011
0.0413931, -0.999143
0, 0

5.62007, 6.87778
-9.16689, 10.9376
0.049373, -0.99878
0, 0

5.63839, 6.90037
-9.19747, 10.9742
0.0573497, -0.998354
0, 0

5.65671, 6.92295
-9.22806, 11.0107
0.0653227, -0.997864
0, 0

5.67503, 6.94553
-9.25864, 11.0473
0.0732916, -0.997311
0, 0

5.69334, 6.96811
-9.28922, 11.0838
0.0812558, -0.996693
0, 0

5.71166, 6.99069
-9.31981, 11.1204
0.0892148, -0.996012
0, 0

5.72997, 7.01327
-9.35039, 11.1569
0.0971681, -0.995268
0, 0

5.74829, 7.03585
-9.38097, 11.1935
0.105115, -0.99446
0, 0

5.7666, 7.05842
-9.41155, 11.23
0.113056, -0.993589
0, 0

5.78491, 7.081
-9.44214, 11.2666
0.120989, -0.992654
0, 0

5.80323, 7.10358
-9.47272, 11.3031
0.128914, -0.991656
0, 0

5.82154, 7.12615
-9.5033, 11.3397
0.136832, -0.990594
0, 0

5.83985, 7.14873
-9.53388, 11.3762
0.14474, -0.98947
0, 0

5.85816, 7.1713
-9.56446, 11.4128
0.152639, -0.988282
0, 0

5.87648, 7.19388
-9.59505, 11.4493
0.160529, -0.987031
0, 0

5.89479, 7.21645
-9.62563, 11.4859
0.168408, -0.985717
0, 0

5.9131, 7.23902
-9.65621, 11.5224
0.176277, -0.984341
0, 0

5.93141, 7.2616
-9.68679, 11.559
0.184134, -0.982901
0, 0

5.94972, 7.28417
-9.71737, 11.5955
0.19198, -0.981399
0, 0

5.96802, 7.30674
-9.74795, 11.6321
0.199813, -0.979834
0, 0

5.98633, 7.32931
-9.77853, 11.6686
0.207633, -0.978207
0, 0

6.00464, 7.35188
-9.80911, 11.7052
0.215441, -0.976517
0, 0

6.02295, 7.37445
-9.83969, 11.7417
0.223234, -0.974765
0, 0

6.04126, 7.39702
-9.87027, 11.7782
0.231014, -0.972951
0, 0

6.05956, 7.41959
-9.90085, 11.8148
0.238778, -0.971074
0, 0

6.07787, 7.44216
-9.93143, 11.8513
0.246528, -0.969136
0, 0

6.09617, 7.46473
-9.96201, 11.8879
0.254261, -0.967136
0, 0

