1.01596e-18, 0.0165925
1, 0
0, 0

-0.0154659, 0.0292343
1, 0.00079881
0, 0

-0.0285078, 0.0372914
0.999999, 0.00159762
0, 0

-0.0401323, 0.0435651
0.999997, 0.00239643
0, 0

-0.0508103, 0.0488433
0.999995, 0.00319523
0, 0

-0.0607939, 0.0534709
0.999992, 0.00399404
0, 0

-0.0702373, 0.0576332
0.999989, 0.00479284
0, 0

-0.079243, 0.0614428
0.999984, 0.00559164
0, 0

-0.0878838, 0.0649736
0.99998, 0.00639044
0, 0

-0.0962134, 0.0682776
0.999974, 0.00718923
0, 0

-0.104273, 0.0713924
0.999968, 0.00798802
0, 0

-0.112096, 0.0743464
0.999961, 0.0087868
0, 0

-0.119707, 0.0771619
0.999954, 0.00958557
0, 0

-0.127129, 0.0798563
0.999946, 0.0103843
0, 0

-0.13438, 0.0824438
0.999937, 0.0111831
0, 0

-0.141474, 0.0849361
0.999928, 0.0119819
0, 0

-0.148425, 0.0873429
0.999918, 0.0127806
0, 0

-0.155243, 0.0896725
0.999908, 0.0135794
0, 0

-0.161939, 0.0919317
0.999897, 0.0143781
0, 0

-0.168521, 0.0941266
0.999885, 0.0151768
0, 0

-0.174997, 0.0962624
0.999872, 0.0159755
0, 0

-0.181373, 0.0983437
0.999859, 0.0167742
0, 0

-0.187655, 0.100374
0.999846, 0.0175729
0, 0

-0.193849, 0.102358
0.999831, 0.0183716
0, 0

-0.19996, 0.104298
0.999816, 0.0191703
0, 0

-0.205992, 0.106197
0.999801, 0.0199689
0, 0

-0.211948, 0.108058
0.999784, 0.0207676
0, 0

-0.217834, 0.109882
0.999767, 0.0215662
0, 0

-0.223652, 0.111672
0.99975, 0.0223648
0, 0

-0.229405, 0.11343
0.999732, 0.0231634
0, 0

-0.235096, 0.115158
0.999713, 0.023962
0, 0

-0.240727, 0.116856
0.999693, 0.0247606
0, 0

-0.246302, 0.118527
0.999673, 0.0255591
0, 0

-0.251823, 0.120172
0.999653, 0.0263577
0, 0

-0.257291, 0.121792
0.999631, 0.0271562
0, 0

-0.262709, 0.123388
0.999609, 0.0279547
0, 0

-0.268078, 0.124962
0.999587, 0.0287532
0, 0

-0.2734, 0.126514
0.999563, 0.0295517
0, 0

-0.278677, 0.128045
0.999539, 0.0303501
0, 0

-0.283911, 0.129556
0.999515, 0.0311486
0, 0

-0.289102, 0.131048
0.99949, 0.031947
0, 0

-0.294253, 0.132521
0.999464, 0.0327454
0, 0

-0.299364, 0.133976
0.999437, 0.0335437
0, 0

-0.304437, 0.135415
0.99941, 0.0343421
0, 0

-0.309473, 0.136837
0.999382, 0.0351404
0, 0

-0.314472, 0.138243
0.999354, 0.0359387
0, 0

-0.319437, 0.139634
0.999325, 0.036737
0, 0

-0.324368, 0.14101
0.999295, 0.0375353
0, 0

-0.329265, 0.142371
0.999265, 0.0383335
0, 0

-0.334131, 0.143719
0.999234, 0.0391317
0, 0

-0.338965, 0.145054
0.999202, 0.0399299
0, 0

-0.343769, 0.146375
0.99917, 0.040728
0, 0

-0.348543, 0.147683
0.999137, 0.0415262
0, 0

-0.353288, 0.14898
0.999104, 0.0423243
0, 0

-0.358004, 0.150264
0.99907, 0.0431224
0, 0

-0.362693, 0.151537
0.999035, 0.0439204
0, 0

-0.367356, 0.152799
0.999, 0.0447184
0, 0

-0.371991, 0.15405
0.998964, 0.0455164
0, 0

-0.376602, 0.15529
0.998927, 0.0463144
0, 0

-0.381187, 0.15652
0.99889, 0.0471123
0, 0

-0.385747, 0.15774
0.998852, 0.0479103
0, 0

-0.390284, 0.15895
0.998813, 0.0487081
0, 0

-0.394797, 0.16015
0.998774, 0.049506
0, 0

-0.399287, 0.161341
0.998734, 0.0503038
0, 0

-0.403755, 0.162524
0.998693, 0.0511016
0, 0

-0.4082, 0.163697
0.998652, 0.0518993
0, 0

-0.412624, 0.164861
0.998611, 0.052697
0, 0

-0.417027, 0.166017
0.998568, 0.0534947
0, 0

-0.421409, 0.167165
0.998525, 0.0542924
0, 0

-0.42577, 0.168305
0.998481, 0.05509
0, 0

-0.430112, 0.169437
0.998437, 0.0558876
0, 0

-0.434434, 0.170561
0.998392, 0.0566851
0, 0

-0.438736, 0.171678
0.998347, 0.0574826
0, 0

-0.44302, 0.172787
0.9983, 0.0582801
0, 0

-0.447285, 0.173889
0.998253, 0.0590775
0, 0

-0.451532, 0.174984
0.998206, 0.0598749
0, 0

-0.455761, 0.176072
0.998158, 0.0606723
0, 0

-0.459973, 0.177153
0.998109, 0.0614696
0, 0

-0.464167, 0.178228
0.99806, 0.0622669
0, 0

-0.468344, 0.179296
0.998009, 0.0630641
0, 0

-0.472505, 0.180357
0.997959, 0.0638613
0, 0

-0.476649, 0.181413
0.997907, 0.0646585
0, 0

-0.480777, 0.182462
0.997855, 0.0654556
0, 0

-0.484889, 0.183505
0.997803, 0.0662527
0, 0

-0.488985, 0.184543
0.99775, 0.0670497
0, 0

-0.493066, 0.185574
0.997696, 0.0678467
0, 0

-0.497132, 0.1866
0.997641, 0.0686436
0, 0

-0.501182, 0.18762
0.997586, 0.0694405
0, 0

-0.505218, 0.188635
0.99753, 0.0702374
0, 0

-0.50924, 0.189644
0.997474, 0.0710342
0, 0

-0.513247, 0.190648
0.997417, 0.071831
0, 0

-0.51724, 0.191647
0.997359, 0.0726277
0, 0

-0.52122, 0.19264
0.997301, 0.0734244
0, 0

-0.525185, 0.193629
0.997242, 0.074221
0, 0

-0.529137, 0.194613
0.997182, 0.0750176
0, 0

-0.533076, 0.195591
0.997122, 0.0758141
0, 0

-0.537002, 0.196565
0.997061, 0.0766106
0, 0

-0.540915, 0.197534
0.997, 0.0774071
0, 0

-0.544815, 0.198499
0.996937, 0.0782034
0, 0

-0.548703, 0.199459
0.996875, 0.0789998
0, 0

-0.552578, 0.200414
0.996811, 0.0797961
0, 0

-0.55644, 0.201365
0.996747, 0.0805923
0, 0

-0.560291, 0.202312
0.996682, 0.0813885
0, 0

-0.56413, 0.203254
0.996617, 0.0821846
0, 0

-0.567957, 0.204192
0.996551, 0.0829807
0, 0

-0.571773, 0.205126
0.996485, 0.0837767
0, 0

-0.575576, 0.206056
0.996417, 0.0845727
0, 0

-0.579369, 0.206982
0.996349, 0.0853686
0, 0

-0.583151, 0.207904
0.996281, 0.0861645
0, 0

-0.586921, 0.208822
0.996212, 0.0869603
0, 0

-0.59068, 0.209736
0.996142, 0.0877561
0, 0

-0.594429, 0.210646
0.996072, 0.0885518
0, 0

-0.598167, 0.211552
0.996001, 0.0893474
0, 0

-0.601894, 0.212455
0.995929, 0.090143
0, 0

-0.605611, 0.213354
0.995857, 0.0909385
0, 0

-0.609318, 0.214249
0.995784, 0.091734
0, 0

-0.613015, 0.215141
0.99571, 0.0925294
0, 0

-0.616701, 0.216029
0.995636, 0.0933248
0, 0

-0.620378, 0.216914
0.995561, 0.0941201
0, 0

-0.624045, 0.217795
0.995485, 0.0949153
0, 0

-0.627702, 0.218673
0.995409, 0.0957105
0, 0

-0.631349, 0.219548
0.995332, 0.0965056
0, 0

-0.634987, 0.220419
0.995255, 0.0973006
0, 0

-0.638615, 0.221287
0.995177, 0.0980956
0, 0

-0.642235, 0.222152
0.995098, 0.0988905
0, 0

-0.645845, 0.223013
0.995019, 0.0996854
0, 0

-0.649445, 0.223872
0.994939, 0.10048
0, 0

-0.653037, 0.224727
0.994858, 0.101275
0, 0

-0.65662, 0.22558
0.994777, 0.10207
0, 0

-0.660194, 0.226429
0.994695, 0.102864
0, 0

-0.66376, 0.227275
0.994613, 0.103659
0, 0

-0.667316, 0.228119
0.99453, 0.104453
0, 0

-0.670865, 0.228959
0.994446, 0.105248
0, 0

-0.674404, 0.229797
0.994362, 0.106042
0, 0

-0.677936, 0.230631
0.994277, 0.106836
0, 0

-0.681459, 0.231463
0.994191, 0.10763
0, 0

-0.684973, 0.232292
0.994105, 0.108425
0, 0

-0.68848, 0.233118
0.994018, 0.109219
0, 0

-0.691979, 0.233942
0.99393, 0.110013
0, 0

-0.695469, 0.234763
0.993842, 0.110807
0, 0

-0.698952, 0.235581
0.993753, 0.1116
0, 0

-0.702427, 0.236397
0.993664, 0.112394
0, 0

-0.705894, 0.23721
0.993574, 0.113188
0, 0

-0.709353, 0.23802
0.993483, 0.113982
0, 0

-0.712805, 0.238828
0.993391, 0.114775
0, 0

-0.716249, 0.239633
0.993299, 0.115569
0, 0

-0.719686, 0.240436
0.993207, 0.116362
0, 0

-0.723115, 0.241236
0.993114, 0.117155
0, 0

-0.726537, 0.242034
0.99302, 0.117949
0, 0

-0.729952, 0.24283
0.992925, 0.118742
0, 0

-0.73336, 0.243623
0.99283, 0.119535
0, 0

-0.73676, 0.244413
0.992734, 0.120328
0, 0

-0.740153, 0.245202
0.992638, 0.121121
0, 0

-0.743539, 0.245988
0.992541, 0.121914
0, 0

-0.746919, 0.246771
0.992443, 0.122707
0, 0

-0.750291, 0.247553
0.992345, 0.123499
0, 0

-0.753657, 0.248332
0.992246, 0.124292
0, 0

-0.757016, 0.249109
0.992146, 0.125085
0, 0

-0.760368, 0.249884
0.992046, 0.125877
0, 0

-0.763713, 0.250656
0.991945, 0.12667
0, 0

-0.767052, 0.251427
0.991843, 0.127462
0, 0

-0.770384, 0.252195
0.991741, 0.128254
0, 0

-0.77371, 0.252961
0.991639, 0.129046
0, 0

-0.777029, 0.253725
0.991535, 0.129838
0, 0

-0.780342, 0.254487
0.991431, 0.13063
0, 0

-0.783648, 0.255247
0.991326, 0.131422
0, 0

-0.786949, 0.256005
0.991221, 0.132214
0, 0

-0.790243, 0.25676
0.991115, 0.133006
0, 0

-0.79353, 0.257514
0.991009, 0.133798
0, 0

-0.796812, 0.258266
0.990901, 0.134589
0, 0

-0.800087, 0.259016
0.990794, 0.135381
0, 0

-0.803357, 0.259763
0.990685, 0.136172
0, 0

-0.80662, 0.260509
0.990576, 0.136963
0, 0

-0.809878, 0.261253
0.990466, 0.137755
0, 0

-0.81313, 0.261995
0.990356, 0.138546
0, 0

-0.816375, 0.262736
0.990245, 0.139337
0, 0

-0.819615, 0.263474
0.990133, 0.140128
0, 0

-0.822849, 0.26421
0.990021, 0.140919
0, 0

-0.826078, 0.264945
0.989908, 0.14171
0, 0

-0.829301, 0.265678
0.989795, 0.1425
0, 0

-0.832518, 0.266409
0.989681, 0.143291
0, 0

-0.835729, 0.267138
0.989566, 0.144081
0, 0

-0.838935, 0.267865
0.98945, 0.144872
0, 0

-0.842136, 0.268591
0.989334, 0.145662
0, 0

-0.84533, 0.269315
0.989218, 0.146452
0, 0

-0.84852, 0.270037
0.9891, 0.147243
0, 0

-0.851704, 0.270757
0.988982, 0.148033
0, 0

-0.854883, 0.271476
0.988864, 0.148823
0, 0

-0.858056, 0.272193
0.988745, 0.149612
0, 0

-0.861224, 0.272909
0.988625, 0.150402
0, 0

-0.864387, 0.273622
0.988504, 0.151192
0, 0

-0.867545, 0.274334
0.988383, 0.151981
0, 0

-0.870697, 0.275045
0.988262, 0.152771
0, 0

-0.873844, 0.275754
0.988139, 0.15356
0, 0

-0.876987, 0.276461
0.988016, 0.15435
0, 0

-0.880124, 0.277167
0.987893, 0.155139
0, 0

-0.883256, 0.277871
0.987768, 0.155928
0, 0

-0.886383, 0.278573
0.987644, 0.156717
0, 0

-0.889505, 0.279274
0.987518, 0.157506
0, 0

-0.892622, 0.279973
0.987392, 0.158295
0, 0

-0.895735, 0.280671
0.987265, 0.159083
0, 0

-0.898842, 0.281367
0.987138, 0.159872
0, 0

-0.901945, 0.282062
0.98701, 0.16066
0, 0

-0.905042, 0.282755
0.986881, 0.161449
0, 0

-0.908135, 0.283447
0.986752, 0.162237
0, 0

-0.911224, 0.284137
0.986622, 0.163025
0, 0

-0.914307, 0.284826
0.986491, 0.163813
0, 0

-0.917386, 0.285514
0.98636, 0.164601
0, 0

-0.92046, 0.286199
0.986228, 0.165389
0, 0

-0.92353, 0.286884
0.986096, 0.166177
0, 0

-0.926595, 0.287567
0.985963, 0.166964
0, 0

-0.929655, 0.288249
0.985829, 0.167752
0, 0

-0.932711, 0.288929
0.985695, 0.168539
0, 0

-0.935763, 0.289608
0.98556, 0.169327
0, 0

-0.93881, 0.290285
0.985424, 0.170114
0, 0

-0.941852, 0.290961
0.985288, 0.170901
0, 0

-0.94489, 0.291636
0.985151, 0.171688
0, 0

-0.947924, 0.292309
0.985014, 0.172475
0, 0

-0.950953, 0.292981
0.984876, 0.173262
0, 0

-0.953978, 0.293652
0.984737, 0.174048
0, 0

-0.956999, 0.294322
0.984598, 0.174835
0, 0

-0.960015, 0.29499
0.984458, 0.175621
0, 0

-0.963027, 0.295656
0.984317, 0.176408
0, 0

-0.966035, 0.296322
0.984176, 0.177194
0, 0

-0.969039, 0.296986
0.984034, 0.17798
0, 0

-0.972038, 0.297649
0.983892, 0.178766
0, 0

-0.975034, 0.29831
0.983748, 0.179552
0, 0

-0.978025, 0.298971
0.983605, 0.180338
0, 0

-0.981012, 0.29963
0.98346, 0.181123
0, 0

-0.983995, 0.300288
0.983315, 0.181909
0, 0

-0.986974, 0.300944
0.98317, 0.182694
0, 0

-0.989949, 0.3016
0.983023, 0.18348
0, 0

-0.99292, 0.302254
0.982877, 0.184265
0, 0

-0.995887, 0.302907
0.982729, 0.18505
0, 0

-0.99885, 0.303558
0.982581, 0.185835
0, 0

-1.00181, 0.304209
0.982432, 0.18662
0, 0

-1.00476, 0.304858
0.982283, 0.187404
0, 0

-1.00771, 0.305506
0.982133, 0.188189
0, 0

-1.01066, 0.306153
0.981982, 0.188974
0, 0

-1.01361, 0.306799
0.981831, 0.189758
0, 0

-1.01654, 0.307444
0.981679, 0.190542
0, 0

-1.01948, 0.308087
0.981526, 0.191326
0, 0

-1.02241, 0.30873
0.981373, 0.19211
0, 0

-1.02534, 0.309371
0.98122, 0.192894
0, 0

-1.02827, 0.310011
0.981065, 0.193678
0, 0

-1.03119, 0.31065
0.98091, 0.194462
0, 0

-1.0341, 0.311288
0.980754, 0.195245
0, 0

-1.03702, 0.311924
0.980598, 0.196028
0, 0

-1.03993, 0.31256
0.980441, 0.196812
0, 0

-1.04283, 0.313194
0.980284, 0.197595
0, 0

-1.04573, 0.313828
0.980126, 0.198378
0, 0

-1.04863, 0.31446
0.979967, 0.199161
0, 0

-1.05153, 0.315092
0.979807, 0.199943
0, 0

-1.05442, 0.315722
0.979647, 0.200726
0, 0

-1.05731, 0.316351
0.979487, 0.201508
0, 0

-1.06019, 0.316979
0.979325, 0.202291
0, 0

-1.06307, 0.317606
0.979164, 0.203073
0, 0

-1.06595, 0.318232
0.979001, 0.203855
0, 0

-1.06882, 0.318857
0.978838, 0.204637
0, 0

-1.0717, 0.319481
0.978674, 0.205419
0, 0

-1.07456, 0.320104
0.97851, 0.206201
0, 0

-1.07743, 0.320726
0.978345, 0.206982
0, 0

-1.08029, 0.321346
0.978179, 0.207764
0, 0

-1.08314, 0.321966
0.978013, 0.208545
0, 0

-1.086, 0.322585
0.977846, 0.209326
0, 0

-1.08885, 0.323203
0.977678, 0.210107
0, 0

-1.09169, 0.32382
0.97751, 0.210888
0, 0

-1.09454, 0.324436
0.977341, 0.211669
0, 0

-1.09738, 0.325051
0.977172, 0.21245
0, 0

-1.10021, 0.325665
0.977002, 0.21323
0, 0

-1.10305, 0.326277
0.976831, 0.21401
0, 0

-1.10588, 0.326889
0.97666, 0.214791
0, 0

-1.10871, 0.3275
0.976488, 0.215571
0, 0

-1.11153, 0.328111
0.976316, 0.216351
0, 0

-1.11435, 0.32872
0.976143, 0.217131
0, 0

-1.11717, 0.329328
0.975969, 0.21791
0, 0

-1.11998, 0.329935
0.975794, 0.21869
0, 0

-1.12279, 0.330541
0.975619, 0.219469
0, 0

-1.1256, 0.331147
0.975444, 0.220248
0, 0

-1.12841, 0.331751
0.975268, 0.221028
0, 0

-1.13121, 0.332355
0.975091, 0.221807
0, 0

-1.13401, 0.332958
0.974913, 0.222585
0, 0

-1.1368, 0.333559
0.974735, 0.223364
0, 0

-1.13959, 0.33416
0.974556, 0.224143
0, 0

-1.14238, 0.33476
0.974377, 0.224921
0, 0

-1.14517, 0.335359
0.974197, 0.225699
0, 0

-1.14795, 0.335957
0.974016, 0.226477
0, 0

-1.15073, 0.336555
0.973835, 0.227255
0, 0

-1.15351, 0.337151
0.973653, 0.228033
0, 0

-1.15629, 0.337747
0.973471, 0.228811
0, 0

-1.15906, 0.338341
0.973288, 0.229589
0, 0

-1.16182, 0.338935
0.973104, 0.230366
0, 0

-1.16459, 0.339528
0.97292, 0.231143
0, 0

-1.16735, 0.34012
0.972735, 0.23192
0, 0

-1.17011, 0.340711
0.972549, 0.232697
0, 0

-1.17287, 0.341302
0.972363, 0.233474
0, 0

-1.17562, 0.341891
0.972176, 0.234251
0, 0

-1.17837, 0.34248
0.971989, 0.235027
0, 0

-1.18112, 0.343068
0.971801, 0.235804
0, 0

-1.18387, 0.343655
0.971612, 0.23658
0, 0

-1.18661, 0.344241
0.971423, 0.237356
0, 0

-1.18935, 0.344827
0.971233, 0.238132
0, 0

-1.19209, 0.345411
0.971042, 0.238908
0, 0

-1.19482, 0.345995
0.970851, 0.239683
0, 0

-1.19755, 0.346578
0.970659, 0.240459
0, 0

-1.20028, 0.34716
0.970467, 0.241234
0, 0

-1.203, 0.347741
0.970274, 0.242009
0, 0

-1.20573, 0.348322
0.97008, 0.242784
0, 0

-1.20845, 0.348902
0.969886, 0.243559
0, 0

-1.21117, 0.349481
0.969691, 0.244333
0, 0

-1.21388, 0.350059
0.969496, 0.245108
0, 0

-1.21659, 0.350637
0.9693, 0.245882
0, 0

-1.2193, 0.351213
0.969103, 0.246657
0, 0

-1.22201, 0.351789
0.968906, 0.247431
0, 0

-1.22471, 0.352364
0.968708, 0.248205
0, 0

-1.22741, 0.352939
0.968509, 0.248978
0, 0

-1.23011, 0.353512
0.96831, 0.249752
0, 0

-1.23281, 0.354085
0.96811, 0.250525
0, 0

-1.2355, 0.354657
0.96791, 0.251299
0, 0

-1.23819, 0.355228
0.967709, 0.252072
0, 0

-1.24088, 0.355799
0.967507, 0.252845
0, 0

-1.24357, 0.356369
0.967305, 0.253617
0, 0

-1.24625, 0.356938
0.967102, 0.25439
0, 0

-1.24893, 0.357506
0.966898, 0.255162
0, 0

-1.25161, 0.358074
0.966694, 0.255935
0, 0

-1.25428, 0.358641
0.966489, 0.256707
0, 0

-1.25695, 0.359207
0.966284, 0.257479
0, 0

-1.25962, 0.359773
0.966078, 0.258251
0, 0

-1.26229, 0.360337
0.965871, 0.259022
0, 0

-1.26496, 0.360901
0.965664, 0.259794
0, 0

-1.26762, 0.361465
0.965456, 0.260565
0, 0

-1.27028, 0.362027
0.965248, 0.261336
0, 0

-1.27294, 0.362589
0.965039, 0.262107
0, 0

-1.27559, 0.36315
0.964829, 0.262878
0, 0

-1.27825, 0.363711
0.964619, 0.263648
0, 0

-1.2809, 0.364271
0.964408, 0.264419
0, 0

-1.28354, 0.36483
0.964196, 0.265189
0, 0

-1.28619, 0.365388
0.963984, 0.265959
0, 0

-1.28883, 0.365946
0.963771, 0.266729
0, 0

-1.29147, 0.366503
0.963558, 0.267499
0, 0

-1.29411, 0.367059
0.963344, 0.268269
0, 0

-1.29675, 0.367615
0.96313, 0.269038
0, 0

-1.29938, 0.36817
0.962914, 0.269807
0, 0

-1.30201, 0.368724
0.962698, 0.270577
0, 0

-1.30464, 0.369278
0.962482, 0.271345
0, 0

-1.30727, 0.369831
0.962265, 0.272114
0, 0

-1.30989, 0.370383
0.962047, 0.272883
0, 0

-1.31251, 0.370935
0.961829, 0.273651
0, 0

-1.31513, 0.371486
0.96161, 0.274419
0, 0

-1.31775, 0.372037
0.961391, 0.275187
0, 0

-1.32036, 0.372586
0.96117, 0.275955
0, 0

-1.32298, 0.373135
0.96095, 0.276723
0, 0

-1.32559, 0.373684
0.960728, 0.277491
0, 0

-1.32819, 0.374232
0.960506, 0.278258
0, 0

-1.3308, 0.374779
0.960284, 0.279025
0, 0

-1.3334, 0.375325
0.960061, 0.279792
0, 0

-1.33601, 0.375871
0.959837, 0.280559
0, 0

-1.3386, 0.376416
0.959612, 0.281326
0, 0

-1.3412, 0.376961
0.959387, 0.282092
0, 0

-1.34379, 0.377505
0.959162, 0.282858
0, 0

-1.34639, 0.378048
0.958935, 0.283624
0, 0

-1.34898, 0.378591
0.958709, 0.28439
0, 0

-1.35156, 0.379133
0.958481, 0.285156
0, 0

-1.35415, 0.379675
0.958253, 0.285922
0, 0

-1.35673, 0.380216
0.958024, 0.286687
0, 0

-1.35932, 0.380756
0.957795, 0.287452
0, 0

-1.36189, 0.381296
0.957565, 0.288217
0, 0

-1.36447, 0.381835
0.957335, 0.288982
0, 0

-1.36705, 0.382373
0.957103, 0.289747
0, 0

-1.36962, 0.382911
0.956872, 0.290511
0, 0

-1.37219, 0.383449
0.956639, 0.291275
0, 0

-1.37476, 0.383985
0.956406, 0.292039
0, 0

-1.37732, 0.384521
0.956173, 0.292803
0, 0

-1.37989, 0.385057
0.955938, 0.293567
0, 0

-1.38245, 0.385592
0.955704, 0.294331
0, 0

-1.38501, 0.386126
0.955468, 0.295094
0, 0

-1.38757, 0.38666
0.955232, 0.295857
0, 0

-1.39012, 0.387193
0.954996, 0.29662
0, 0

-1.39268, 0.387726
0.954758, 0.297383
0, 0

-1.39523, 0.388258
0.95452, 0.298145
0, 0

-1.39778, 0.388789
0.954282, 0.298908
0, 0

-1.40032, 0.38932
0.954043, 0.29967
0, 0

-1.40287, 0.38985
0.953803, 0.300432
0, 0

-1.40541, 0.39038
0.953563, 0.301194
0, 0

-1.40795, 0.390909
0.953322, 0.301955
0, 0

-1.41049, 0.391438
0.953081, 0.302717
0, 0

-1.41303, 0.391966
0.952838, 0.303478
0, 0

-1.41557, 0.392493
0.952596, 0.304239
0, 0

-1.4181, 0.39302
0.952352, 0.305
0, 0

-1.42063, 0.393546
0.952108, 0.305761
0, 0

-1.42316, 0.394072
0.951864, 0.306521
0, 0

-1.42569, 0.394598
0.951619, 0.307281
0, 0

-1.42821, 0.395122
0.951373, 0.308041
0, 0

-1.43074, 0.395646
0.951127, 0.308801
0, 0

-1.43326, 0.39617
0.95088, 0.309561
0, 0

-1.43578, 0.396693
0.950632, 0.31032
0, 0

-1.43829, 0.397216
0.950384, 0.31108
0, 0

-1.44081, 0.397738
0.950135, 0.311839
0, 0

-1.44332, 0.398259
0.949886, 0.312598
0, 0

-1.44583, 0.39878
0.949636, 0.313356
0, 0

-1.44834, 0.399301
0.949385, 0.314115
0, 0

-1.45085, 0.399821
0.949134, 0.314873
0, 0

-1.45336, 0.40034
0.948882, 0.315631
0, 0

-1.45586, 0.400859
0.94863, 0.316389
0, 0

-1.45836, 0.401377
0.948377, 0.317147
0, 0

-1.46086, 0.401895
0.948123, 0.317904
0, 0

-1.46336, 0.402412
0.947869, 0.318661
0, 0

-1.46586, 0.402929
0.947614, 0.319418
0, 0

-1.46835, 0.403445
0.947358, 0.320175
0, 0

-1.47085, 0.403961
0.947102, 0.320932
0, 0

-1.47334, 0.404476
0.946846, 0.321688
0, 0

-1.47582, 0.404991
0.946588, 0.322445
0, 0

-1.47831, 0.405505
0.94633, 0.323201
0, 0

-1.4808, 0.406019
0.946072, 0.323956
0, 0

-1.48328, 0.406532
0.945813, 0.324712
0, 0

-1.48576, 0.407045
0.945553, 0.325468
0, 0

-1.48824, 0.407557
0.945293, 0.326223
0, 0

-1.49072, 0.408068
0.945032, 0.326978
0, 0

-1.4932, 0.40858
0.944771, 0.327733
0, 0

-1.49567, 0.40909
0.944508, 0.328487
0, 0

-1.49814, 0.409601
0.944246, 0.329242
0, 0

-1.50061, 0.41011
0.943982, 0.329996
0, 0

-1.50308, 0.41062
0.943719, 0.33075
0, 0

-1.50555, 0.411128
0.943454, 0.331503
0, 0

-1.50801, 0.411637
0.943189, 0.332257
0, 0

-1.51048, 0.412144
0.942923, 0.33301
0, 0

-1.51294, 0.412652
0.942657, 0.333763
0, 0

-1.5154, 0.413158
0.94239, 0.334516
0, 0

-1.51786, 0.413665
0.942122, 0.335269
0, 0

-1.52031, 0.414171
0.941854, 0.336021
0, 0

-1.52277, 0.414676
0.941586, 0.336774
0, 0

-1.52522, 0.415181
0.941316, 0.337526
0, 0

-1.52767, 0.415685
0.941046, 0.338278
0, 0

-1.53012, 0.416189
0.940776, 0.339029
0, 0

-1.53257, 0.416693
0.940505, 0.339781
0, 0

-1.53502, 0.417196
0.940233, 0.340532
0, 0

-1.53746, 0.417698
0.939961, 0.341283
0, 0

-1.5399, 0.4182
0.939688, 0.342033
0, 0

-1.54235, 0.418702
0.939414, 0.342784
0, 0

-1.54478, 0.419203
0.93914, 0.343534
0, 0

-1.54722, 0.419704
0.938865, 0.344284
0, 0

-1.54966, 0.420204
0.93859, 0.345034
0, 0

-1.55209, 0.420704
0.938314, 0.345784
0, 0

-1.55452, 0.421203
0.938038, 0.346533
0, 0

-1.55696, 0.421702
0.937761, 0.347282
0, 0

-1.55938, 0.422201
0.937483, 0.348031
0, 0

-1.56181, 0.422699
0.937205, 0.34878
0, 0

-1.56424, 0.423196
0.936926, 0.349529
0, 0

-1.56666, 0.423693
0.936646, 0.350277
0, 0

-1.56908, 0.42419
0.936366, 0.351025
0, 0

-1.57151, 0.424686
0.936085, 0.351773
0, 0

-1.57393, 0.425182
0.935804, 0.352521
0, 0

-1.57634, 0.425677
0.935522, 0.353268
0, 0

-1.57876, 0.426172
0.93524, 0.354015
0, 0

-1.58117, 0.426667
0.934957, 0.354762
0, 0

-1.58359, 0.427161
0.934673, 0.355509
0, 0

-1.586, 0.427654
0.934389, 0.356255
0, 0

-1.58841, 0.428147
0.934104, 0.357002
0, 0

-1.59082, 0.42864
0.933818, 0.357748
0, 0

-1.59322, 0.429132
0.933532, 0.358494
0, 0

-1.59563, 0.429624
0.933245, 0.359239
0, 0

-1.59803, 0.430116
0.932958, 0.359985
0, 0

-1.60043, 0.430607
0.93267, 0.36073
0, 0

-1.60283, 0.431097
0.932382, 0.361475
0, 0

-1.60523, 0.431587
0.932093, 0.362219
0, 0

-1.60763, 0.432077
0.931803, 0.362964
0, 0

-1.61002, 0.432566
0.931513, 0.363708
0, 0

-1.61242, 0.433055
0.931222, 0.364452
0, 0

-1.61481, 0.433544
0.930931, 0.365196
0, 0

-1.6172, 0.434032
0.930639, 0.365939
0, 0

-1.61959, 0.43452
0.930346, 0.366683
0, 0

-1.62198, 0.435007
0.930053, 0.367426
0, 0

-1.62436, 0.435494
0.929759, 0.368168
0, 0

-1.62675, 0.43598
0.929465, 0.368911
0, 0

-1.62913, 0.436466
0.92917, 0.369653
0, 0

-1.63151, 0.436952
0.928874, 0.370395
0, 0

-1.63389, 0.437437
0.928578, 0.371137
0, 0

-1.63627, 0.437922
0.928281, 0.371879
0, 0

-1.63865, 0.438406
0.927984, 0.37262
0, 0

-1.64102, 0.43889
0.927686, 0.373362
0, 0

-1.64339, 0.439373
0.927387, 0.374102
0, 0

-1.64577, 0.439857
0.927088, 0.374843
0, 0

-1.64814, 0.440339
0.926789, 0.375584
0, 0

-1.65051, 0.440822
0.926488, 0.376324
0, 0

-1.65288, 0.441304
0.926187, 0.377064
0, 0

-1.65524, 0.441785
0.925886, 0.377804
0, 0

-1.65761, 0.442266
0.925584, 0.378543
0, 0

-1.65997, 0.442747
0.925281, 0.379282
0, 0

-1.66233, 0.443228
0.924978, 0.380021
0, 0

-1.66469, 0.443708
0.924674, 0.38076
0, 0

-1.66705, 0.444187
0.924369, 0.381499
0, 0

-1.66941, 0.444666
0.924064, 0.382237
0, 0

-1.67177, 0.445145
0.923759, 0.382975
0, 0

-1.67412, 0.445624
0.923453, 0.383713
0, 0

-1.67647, 0.446102
0.923146, 0.38445
0, 0

-1.67883, 0.44658
0.922838, 0.385187
0, 0

-1.68118, 0.447057
0.92253, 0.385925
0, 0

-1.68352, 0.447534
0.922222, 0.386661
0, 0

-1.68587, 0.44801
0.921913, 0.387398
0, 0

-1.68822, 0.448486
0.921603, 0.388134
0, 0

-1.69056, 0.448962
0.921293, 0.38887
0, 0

-1.69291, 0.449438
0.920982, 0.389606
0, 0

-1.69525, 0.449913
0.92067, 0.390342
0, 0

-1.69759, 0.450387
0.920358, 0.391077
0, 0

-1.69993, 0.450862
0.920045, 0.391812
0, 0

-1.70227, 0.451335
0.919732, 0.392547
0, 0

-1.7046, 0.451809
0.919418, 0.393281
0, 0

-1.70694, 0.452282
0.919104, 0.394016
0, 0

-1.70927, 0.452755
0.918789, 0.39475
0, 0

-1.7116, 0.453227
0.918473, 0.395484
0, 0

-1.71393, 0.453699
0.918157, 0.396217
0, 0

-1.71626, 0.454171
0.91784, 0.39695
0, 0

-1.71859, 0.454642
0.917523, 0.397683
0, 0

-1.72092, 0.455113
0.917205, 0.398416
0, 0

-1.72324, 0.455584
0.916886, 0.399149
0, 0

-1.72556, 0.456054
0.916567, 0.399881
0, 0

-1.72789, 0.456524
0.916247, 0.400613
0, 0

-1.73021, 0.456994
0.915927, 0.401345
0, 0

-1.73253, 0.457463
0.915606, 0.402076
0, 0

-1.73485, 0.457932
0.915285, 0.402808
0, 0

-1.73716, 0.4584
0.914963, 0.403539
0, 0

-1.73948, 0.458868
0.91464, 0.404269
0, 0

-1.74179, 0.459336
0.914317, 0.405
0, 0

-1.74411, 0.459803
0.913993, 0.40573
0, 0

-1.74642, 0.46027
0.913668, 0.40646
0, 0

-1.74873, 0.460737
0.913344, 0.40719
0, 0

-1.75104, 0.461203
0.913018, 0.407919
0, 0

-1.75334, 0.461669
0.912692, 0.408649
0, 0

-1.75565, 0.462135
0.912365, 0.409378
0, 0

-1.75796, 0.4626
0.912038, 0.410106
0, 0

-1.76026, 0.463065
0.91171, 0.410835
0, 0

-1.76256, 0.46353
0.911381, 0.411563
0, 0

-1.76486, 0.463994
0.911052, 0.412291
0, 0

-1.76716, 0.464458
0.910723, 0.413018
0, 0

-1.76946, 0.464922
0.910393, 0.413746
0, 0

-1.77176, 0.465385
0.910062, 0.414473
0, 0

-1.77405, 0.465848
0.90973, 0.4152
0, 0

-1.77635, 0.46631
0.909398, 0.415926
0, 0

-1.77864, 0.466773
0.909066, 0.416652
0, 0

-1.78093, 0.467235
0.908733, 0.417378
0, 0

-1.78323, 0.467696
0.908399, 0.418104
0, 0

-1.78551, 0.468157
0.908065, 0.41883
0, 0

-1.7878, 0.468618
0.90773, 0.419555
0, 0

-1.79009, 0.469079
0.907394, 0.42028
0, 0

-1.79238, 0.469539
0.907058, 0.421005
0, 0

-1.79466, 0.469999
0.906722, 0.421729
0, 0

-1.79694, 0.470458
0.906385, 0.422453
0, 0

-1.79922, 0.470918
0.906047, 0.423177
0, 0

-1.80151, 0.471376
0.905709, 0.423901
0, 0

-1.80378, 0.471835
0.90537, 0.424624
0, 0

-1.80606, 0.472293
0.90503, 0.425347
0, 0

-1.80834, 0.472751
0.90469, 0.42607
0, 0

-1.81061, 0.473209
0.90435, 0.426793
0, 0

-1.81289, 0.473666
0.904008, 0.427515
0, 0

-1.81516, 0.474123
0.903667, 0.428237
0, 0

-1.81743, 0.47458
0.903324, 0.428959
0, 0

-1.8197, 0.475036
0.902981, 0.42968
0, 0

-1.82197, 0.475492
0.902638, 0.430401
0, 0

-1.82424, 0.475948
0.902294, 0.431122
0, 0

-1.82651, 0.476403
0.901949, 0.431843
0, 0

-1.82878, 0.476858
0.901604, 0.432563
0, 0

-1.83104, 0.477313
0.901258, 0.433283
0, 0

-1.8333, 0.477767
0.900911, 0.434003
0, 0

-1.83557, 0.478221
0.900564, 0.434722
0, 0

-1.83783, 0.478675
0.900217, 0.435442
0, 0

-1.84009, 0.479128
0.899869, 0.436161
0, 0

-1.84234, 0.479581
0.89952, 0.436879
0, 0

-1.8446, 0.480034
0.899171, 0.437598
0, 0

-1.84686, 0.480487
0.898821, 0.438316
0, 0

-1.84911, 0.480939
0.898471, 0.439034
0, 0

-1.85137, 0.481391
0.89812, 0.439751
0, 0

-1.85362, 0.481842
0.897768, 0.440469
0, 0

-1.85587, 0.482294
0.897416, 0.441186
0, 0

-1.85812, 0.482745
0.897063, 0.441902
0, 0

-1.86037, 0.483195
0.89671, 0.442619
0, 0

-1.86262, 0.483646
0.896356, 0.443335
0, 0

-1.86486, 0.484096
0.896002, 0.444051
0, 0

-1.86711, 0.484545
0.895647, 0.444766
0, 0

-1.86935, 0.484995
0.895291, 0.445482
0, 0

-1.8716, 0.485444
0.894935, 0.446197
0, 0

-1.87384, 0.485893
0.894578, 0.446911
0, 0

-1.87608, 0.486341
0.894221, 0.447626
0, 0

-1.87832, 0.48679
0.893863, 0.44834
0, 0

-1.88056, 0.487237
0.893505, 0.449054
0, 0

-1.88279, 0.487685
0.893146, 0.449768
0, 0

-1.88503, 0.488132
0.892786, 0.450481
0, 0

-1.88727, 0.488579
0.892426, 0.451194
0, 0

-1.8895, 0.489026
0.892065, 0.451907
0, 0

-1.89173, 0.489473
0.891704, 0.452619
0, 0

-1.89396, 0.489919
0.891342, 0.453331
0, 0

-1.89619, 0.490365
0.89098, 0.454043
0, 0

-1.89842, 0.49081
0.890617, 0.454755
0, 0

-1.90065, 0.491255
0.890253, 0.455466
0, 0

-1.90288, 0.4917
0.889889, 0.456177
0, 0

-1.90511, 0.492145
0.889524, 0.456888
0, 0

-1.90733, 0.49259
0.889159, 0.457598
0, 0

-1.90955, 0.493034
0.888793, 0.458308
0, 0

-1.91178, 0.493477
0.888427, 0.459018
0, 0

-1.914, 0.493921
0.88806, 0.459728
0, 0

-1.91622, 0.494364
0.887692, 0.460437
0, 0

-1.91844, 0.494807
0.887324, 0.461146
0, 0

-1.92066, 0.49525
0.886956, 0.461854
0, 0

-1.92287, 0.495692
0.886587, 0.462563
0, 0

-1.92509, 0.496134
0.886217, 0.463271
0, 0

-1.9273, 0.496576
0.885846, 0.463979
0, 0

-1.92952, 0.497018
0.885475, 0.464686
0, 0

-1.93173, 0.497459
0.885104, 0.465393
0, 0

-1.93394, 0.4979
0.884732, 0.4661
0, 0

-1.93615, 0.498341
0.884359, 0.466807
0, 0

-1.93836, 0.498781
0.883986, 0.467513
0, 0

-1.94057, 0.499221
0.883612, 0.468219
0, 0

-1.94278, 0.499661
0.883238, 0.468925
0, 0

-1.94498, 0.500101
0.882863, 0.46963
0, 0

-1.94719, 0.50054
0.882488, 0.470335
0, 0

-1.94939, 0.500979
0.882112, 0.47104
0, 0

-1.95159, 0.501418
0.881735, 0.471744
0, 0

-1.9538, 0.501856
0.881358, 0.472449
0, 0

-1.956, 0.502294
0.880981, 0.473153
0, 0

-1.9582, 0.502732
0.880602, 0.473856
0, 0

-1.9604, 0.50317
0.880223, 0.474559
0, 0

-1.96259, 0.503607
0.879844, 0.475262
0, 0

-1.96479, 0.504045
0.879464, 0.475965
0, 0

-1.96698, 0.504481
0.879084, 0.476667
0, 0

-1.96918, 0.504918
0.878703, 0.477369
0, 0

-1.97137, 0.505354
0.878321, 0.478071
0, 0

-1.97356, 0.50579
0.877939, 0.478773
0, 0

-1.97576, 0.506226
0.877556, 0.479474
0, 0

-1.97795, 0.506661
0.877173, 0.480175
0, 0

-1.98014, 0.507097
0.876789, 0.480875
0, 0

-1.98232, 0.507532
0.876405, 0.481575
0, 0

-1.98451, 0.507966
0.87602, 0.482275
0, 0

-1.9867, 0.508401
0.875634, 0.482975
0, 0

-1.98888, 0.508835
0.875248, 0.483674
0, 0

-1.99107, 0.509269
0.874861, 0.484373
0, 0

-1.99325, 0.509702
0.874474, 0.485072
0, 0

-1.99543, 0.510136
0.874086, 0.48577
0, 0

-1.99761, 0.510569
0.873698, 0.486468
0, 0

-1.99979, 0.511002
0.873309, 0.487166
0, 0

-2.00197, 0.511434
0.87292, 0.487864
0, 0

-2.00415, 0.511867
0.87253, 0.488561
0, 0

-2.00632, 0.512299
0.872139, 0.489258
0, 0

-2.0085, 0.512731
0.871748, 0.489954
0, 0

-2.01067, 0.513162
0.871357, 0.49065
0, 0

-2.01285, 0.513593
0.870964, 0.491346
0, 0

-2.01502, 0.514024
0.870572, 0.492042
0, 0

-2.01719, 0.514455
0.870178, 0.492737
0, 0

-2.01936, 0.514886
0.869784, 0.493432
0, 0

-2.02153, 0.515316
0.86939, 0.494127
0, 0

-2.0237, 0.515746
0.868995, 0.494821
0, 0

-2.02587, 0.516176
0.868599, 0.495515
0, 0

-2.02804, 0.516605
0.868203, 0.496209
0, 0

-2.0302, 0.517035
0.867807, 0.496902
0, 0

-2.03237, 0.517464
0.867409, 0.497595
0, 0

-2.03453, 0.517892
0.867012, 0.498288
0, 0

-2.03669, 0.518321
0.866613, 0.49898
0, 0

-2.03886, 0.518749
0.866214, 0.499672
0, 0

-2.04102, 0.519177
0.865815, 0.500364
0, 0

-2.04318, 0.519605
0.865415, 0.501056
0, 0

-2.04534, 0.520032
0.865015, 0.501747
0, 0

-2.04749, 0.52046
0.864613, 0.502438
0, 0

-2.04965, 0.520887
0.864212, 0.503128
0, 0

-2.05181, 0.521313
0.86381, 0.503818
0, 0

-2.05396, 0.52174
0.863407, 0.504508
0, 0

-2.05611, 0.522166
0.863004, 0.505198
0, 0

-2.05827, 0.522592
0.8626, 0.505887
0, 0

-2.06042, 0.523018
0.862195, 0.506576
0, 0

-2.06257, 0.523443
0.86179, 0.507264
0, 0

-2.06472, 0.523869
0.861385, 0.507953
0, 0

-2.06687, 0.524294
0.860979, 0.508641
0, 0

-2.06902, 0.524718
0.860572, 0.509328
0, 0

-2.07117, 0.525143
0.860165, 0.510015
0, 0

-2.07331, 0.525567
0.859758, 0.510702
0, 0

-2.07546, 0.525991
0.859349, 0.511389
0, 0

-2.0776, 0.526415
0.858941, 0.512075
0, 0

-2.07974, 0.526839
0.858531, 0.512761
0, 0

-2.08189, 0.527262
0.858121, 0.513447
0, 0

-2.08403, 0.527685
0.857711, 0.514132
0, 0

-2.08617, 0.528108
0.8573, 0.514817
0, 0

-2.08831, 0.528531
0.856888, 0.515502
0, 0

-2.09045, 0.528953
0.856476, 0.516186
0, 0

-2.09259, 0.529375
0.856064, 0.51687
0, 0

-2.09472, 0.529797
0.855651, 0.517554
0, 0

-2.09686, 0.530219
0.855237, 0.518237
0, 0

-2.09899, 0.53064
0.854823, 0.51892
0, 0

-2.10113, 0.531062
0.854408, 0.519603
0, 0

-2.10326, 0.531483
0.853993, 0.520285
0, 0

-2.10539, 0.531903
0.853577, 0.520967
0, 0

-2.10752, 0.532324
0.85316, 0.521649
0, 0

-2.10965, 0.532744
0.852743, 0.52233
0, 0

-2.11178, 0.533164
0.852326, 0.523011
0, 0

-2.11391, 0.533584
0.851908, 0.523692
0, 0

-2.11604, 0.534004
0.851489, 0.524372
0, 0

-2.11817, 0.534423
0.85107, 0.525052
0, 0

-2.12029, 0.534842
0.85065, 0.525732
0, 0

-2.12242, 0.535261
0.85023, 0.526411
0, 0

-2.12454, 0.53568
0.849809, 0.52709
0, 0

-2.12666, 0.536098
0.849388, 0.527769
0, 0

-2.12879, 0.536516
0.848966, 0.528447
0, 0

-2.13091, 0.536934
0.848544, 0.529125
0, 0

-2.13303, 0.537352
0.848121, 0.529803
0, 0

-2.13515, 0.537769
0.847697, 0.53048
0, 0

-2.13727, 0.538187
0.847273, 0.531157
0, 0

-2.13938, 0.538604
0.846849, 0.531834
0, 0

-2.1415, 0.539021
0.846424, 0.53251
0, 0

-2.14362, 0.539437
0.845998, 0.533186
0, 0

-2.14573, 0.539854
0.845572, 0.533862
0, 0

-2.14785, 0.54027
0.845145, 0.534537
0, 0

-2.14996, 0.540686
0.844718, 0.535212
0, 0

-2.15207, 0.541102
0.84429, 0.535887
0, 0

-2.15418, 0.541517
0.843862, 0.536561
0, 0

-2.15629, 0.541932
0.843433, 0.537235
0, 0

-2.1584, 0.542347
0.843003, 0.537908
0, 0

-2.16051, 0.542762
0.842573, 0.538582
0, 0

-2.16262, 0.543177
0.842143, 0.539254
0, 0

-2.16473, 0.543591
0.841712, 0.539927
0, 0

-2.16683, 0.544006
0.84128, 0.540599
0, 0

-2.16894, 0.54442
0.840848, 0.541271
0, 0

-2.17104, 0.544833
0.840416, 0.541943
0, 0

-2.17315, 0.545247
0.839982, 0.542614
0, 0

-2.17525, 0.54566
0.839549, 0.543284
0, 0

-2.17735, 0.546073
0.839114, 0.543955
0, 0

-2.17945, 0.546486
0.83868, 0.544625
0, 0

-2.18155, 0.546899
0.838244, 0.545295
0, 0

-2.18365, 0.547311
0.837808, 0.545964
0, 0

-2.18575, 0.547723
0.837372, 0.546633
0, 0

-2.18785, 0.548135
0.836935, 0.547302
0, 0

-2.18994, 0.548547
0.836498, 0.54797
0, 0

-2.19204, 0.548959
0.83606, 0.548638
0, 0

-2.19413, 0.54937
0.835621, 0.549306
0, 0

-2.19623, 0.549781
0.835182, 0.549973
0, 0

-2.19832, 0.550192
0.834743, 0.55064
0, 0

-2.20041, 0.550603
0.834302, 0.551307
0, 0

-2.2025, 0.551014
0.833862, 0.551973
0, 0

-2.2046, 0.551424
0.833421, 0.552639
0, 0

-2.20669, 0.551834
0.832979, 0.553305
0, 0

-2.20877, 0.552244
0.832537, 0.55397
0, 0

-2.21086, 0.552654
0.832094, 0.554635
0, 0

-2.21295, 0.553063
0.83165, 0.555299
0, 0

-2.21504, 0.553472
0.831207, 0.555964
0, 0

-2.21712, 0.553881
0.830762, 0.556627
0, 0

-2.21921, 0.55429
0.830317, 0.557291
0, 0

-2.22129, 0.554699
0.829872, 0.557954
0, 0

-2.22337, 0.555107
0.829426, 0.558617
0, 0

-2.22546, 0.555515
0.828979, 0.559279
0, 0

-2.22754, 0.555923
0.828532, 0.559941
0, 0

-2.22962, 0.556331
0.828085, 0.560603
0, 0

-2.2317, 0.556739
0.827637, 0.561264
0, 0

-2.23378, 0.557146
0.827188, 0.561925
0, 0

-2.23586, 0.557553
0.826739, 0.562586
0, 0

-2.23793, 0.55796
0.826289, 0.563246
0, 0

-2.24001, 0.558367
0.825839, 0.563906
0, 0

-2.24209, 0.558774
0.825389, 0.564565
0, 0

-2.24416, 0.55918
0.824937, 0.565224
0, 0

-2.24623, 0.559586
0.824485, 0.565883
0, 0

-2.24831, 0.559992
0.824033, 0.566542
0, 0

-2.25038, 0.560398
0.82358, 0.5672
0, 0

-2.25245, 0.560804
0.823127, 0.567857
0, 0

-2.25452, 0.561209
0.822673, 0.568515
0, 0

-2.25659, 0.561614
0.822219, 0.569172
0, 0

-2.25866, 0.562019
0.821764, 0.569828
0, 0

-2.26073, 0.562424
0.821308, 0.570484
0, 0

-2.2628, 0.562828
0.820852, 0.57114
0, 0

-2.26486, 0.563233
0.820396, 0.571796
0, 0

-2.26693, 0.563637
0.819939, 0.572451
0, 0

-2.269, 0.564041
0.819481, 0.573106
0, 0

-2.27106, 0.564445
0.819023, 0.57376
0, 0

-2.27312, 0.564848
0.818565, 0.574414
0, 0

-2.27519, 0.565252
0.818106, 0.575068
0, 0

-2.27725, 0.565655
0.817646, 0.575721
0, 0

-2.27931, 0.566058
0.817186, 0.576374
0, 0

-2.28137, 0.566461
0.816725, 0.577027
0, 0

-2.28343, 0.566863
0.816264, 0.577679
0, 0

-2.28549, 0.567266
0.815802, 0.578331
0, 0

-2.28755, 0.567668
0.81534, 0.578982
0, 0

-2.2896, 0.56807
0.814877, 0.579634
0, 0

-2.29166, 0.568472
0.814414, 0.580284
0, 0

-2.29372, 0.568873
0.81395, 0.580935
0, 0

-2.29577, 0.569275
0.813486, 0.581585
0, 0

-2.29783, 0.569676
0.813021, 0.582234
0, 0

-2.29988, 0.570077
0.812556, 0.582884
0, 0

-2.30193, 0.570478
0.81209, 0.583532
0, 0

-2.30398, 0.570878
0.811623, 0.584181
0, 0

-2.30604, 0.571279
0.811156, 0.584829
0, 0

-2.30809, 0.571679
0.810689, 0.585477
0, 0

-2.31013, 0.572079
0.810221, 0.586124
0, 0

-2.31218, 0.572479
0.809753, 0.586771
0, 0

-2.31423, 0.572879
0.809284, 0.587418
0, 0

-2.31628, 0.573278
0.808814, 0.588064
0, 0

-2.31833, 0.573678
0.808344, 0.58871
0, 0

-2.32037, 0.574077
0.807874, 0.589356
0, 0

-2.32242, 0.574476
0.807403, 0.590001
0, 0

-2.32446, 0.574874
0.806931, 0.590646
0, 0

-2.3265, 0.575273
0.806459, 0.59129
0, 0

-2.32855, 0.575671
0.805986, 0.591934
0, 0

-2.33059, 0.57607
0.805513, 0.592578
0, 0

-2.33263, 0.576468
0.80504, 0.593221
0, 0

-2.33467, 0.576865
0.804566, 0.593864
0, 0

-2.33671, 0.577263
0.804091, 0.594506
0, 0

-2.33875, 0.57766
0.803616, 0.595148
0, 0

-2.34079, 0.578058
0.80314, 0.59579
0, 0

-2.34282, 0.578455
0.802664, 0.596432
0, 0

-2.34486, 0.578852
0.802187, 0.597073
0, 0

-2.3469, 0.579248
0.80171, 0.597713
0, 0

-2.34893, 0.579645
0.801232, 0.598353
0, 0

-2.35097, 0.580041
0.800754, 0.598993
0, 0

-2.353, 0.580437
0.800275, 0.599633
0, 0

-2.35503, 0.580833
0.799796, 0.600272
0, 0

-2.35706, 0.581229
0.799316, 0.60091
0, 0

-2.3591, 0.581625
0.798836, 0.601549
0, 0

-2.36113, 0.58202
0.798355, 0.602187
0, 0

-2.36316, 0.582415
0.797874, 0.602824
0, 0

-2.36519, 0.58281
0.797392, 0.603461
0, 0

-2.36721, 0.583205
0.79691, 0.604098
0, 0

-2.36924, 0.5836
0.796427, 0.604735
0, 0

-2.37127, 0.583995
0.795944, 0.605371
0, 0

-2.3733, 0.584389
0.79546, 0.606006
0, 0

-2.37532, 0.584783
0.794976, 0.606641
0, 0

-2.37735, 0.585177
0.794491, 0.607276
0, 0

-2.37937, 0.585571
0.794005, 0.607911
0, 0

-2.38139, 0.585964
0.79352, 0.608545
0, 0

-2.38342, 0.586358
0.793033, 0.609178
0, 0

-2.38544, 0.586751
0.792546, 0.609812
0, 0

-2.38746, 0.587144
0.792059, 0.610445
0, 0

-2.38948, 0.587537
0.791571, 0.611077
0, 0

-2.3915, 0.58793
0.791083, 0.611709
0, 0

-2.39352, 0.588322
0.790594, 0.612341
0, 0

-2.39554, 0.588715
0.790104, 0.612972
0, 0

-2.39755, 0.589107
0.789614, 0.613603
0, 0

-2.39957, 0.589499
0.789124, 0.614234
0, 0

-2.40159, 0.589891
0.788633, 0.614864
0, 0

-2.4036, 0.590283
0.788142, 0.615494
0, 0

-2.40562, 0.590674
0.78765, 0.616123
0, 0

-2.40763, 0.591065
0.787157, 0.616752
0, 0

-2.40965, 0.591457
0.786665, 0.617381
0, 0

-2.41166, 0.591847
0.786171, 0.618009
0, 0

-2.41367, 0.592238
0.785677, 0.618637
0, 0

-2.41568, 0.592629
0.785183, 0.619264
0, 0

-2.41769, 0.593019
0.784688, 0.619891
0, 0

-2.4197, 0.59341
0.784192, 0.620518
0, 0

-2.42171, 0.5938
0.783696, 0.621144
0, 0

-2.42372, 0.59419
0.7832, 0.62177
0, 0

-2.42573, 0.594579
0.782703, 0.622395
0, 0

-2.42773, 0.594969
0.782206, 0.62302
0, 0

-2.42974, 0.595359
0.781708, 0.623645
0, 0

-2.43175, 0.595748
0.781209, 0.624269
0, 0

-2.43375, 0.596137
0.78071, 0.624893
0, 0

-2.43575, 0.596526
0.780211, 0.625516
0, 0

-2.43776, 0.596915
0.779711, 0.626139
0, 0

-2.43976, 0.597303
0.779211, 0.626762
0, 0

-2.44176, 0.597691
0.77871, 0.627384
0, 0

-2.44376, 0.59808
0.778208, 0.628006
0, 0

-2.44577, 0.598468
0.777706, 0.628628
0, 0

-2.44777, 0.598856
0.777204, 0.629249
0, 0

-2.44976, 0.599243
0.776701, 0.629869
0, 0

-2.45176, 0.599631
0.776198, 0.63049
0, 0

-2.45376, 0.600018
0.775694, 0.631109
0, 0

-2.45576, 0.600406
0.775189, 0.631729
0, 0

-2.45776, 0.600793
0.774685, 0.632348
0, 0

-2.45975, 0.60118
0.774179, 0.632966
0, 0

-2.46175, 0.601566
0.773673, 0.633585
0, 0

-2.46374, 0.601953
0.773167, 0.634202
0, 0

-2.46574, 0.602339
0.77266, 0.63482
0, 0

-2.46773, 0.602726
0.772153, 0.635437
0, 0

-2.46972, 0.603112
0.771645, 0.636054
0, 0

-2.47171, 0.603497
0.771137, 0.63667
0, 0

-2.4737, 0.603883
0.770628, 0.637285
0, 0

-2.47569, 0.604269
0.770118, 0.637901
0, 0

-2.47768, 0.604654
0.769609, 0.638516
0, 0

-2.47967, 0.605039
0.769098, 0.63913
0, 0

-2.48166, 0.605425
0.768588, 0.639745
0, 0

-2.48365, 0.605809
0.768076, 0.640358
0, 0

-2.48564, 0.606194
0.767565, 0.640972
0, 0

-2.48762, 0.606579
0.767052, 0.641585
0, 0

-2.48961, 0.606963
0.76654, 0.642197
0, 0

-2.4916, 0.607348
0.766026, 0.642809
0, 0

-2.49358, 0.607732
0.765513, 0.643421
0, 0

-2.49556, 0.608116
0.764998, 0.644032
0, 0

-2.49755, 0.608499
0.764484, 0.644643
0, 0

-2.49953, 0.608883
0.763968, 0.645254
0, 0

-2.50151, 0.609266
0.763453, 0.645864
0, 0

-2.50349, 0.60965
0.762937, 0.646473
0, 0

-2.50547, 0.610033
0.76242, 0.647083
0, 0

-2.50745, 0.610416
0.761903, 0.647691
0, 0

-2.50943, 0.610799
0.761385, 0.6483
0, 0

-2.51141, 0.611181
0.760867, 0.648908
0, 0

-2.51339, 0.611564
0.760348, 0.649515
0, 0

-2.51537, 0.611946
0.759829, 0.650123
0, 0

-2.51734, 0.612328
0.75931, 0.650729
0, 0

-2.51932, 0.61271
0.75879, 0.651336
0, 0

-2.52129, 0.613092
0.758269, 0.651942
0, 0

-2.52327, 0.613474
0.757748, 0.652547
0, 0

-2.52524, 0.613856
0.757227, 0.653152
0, 0

-2.52722, 0.614237
0.756705, 0.653757
0, 0

-2.52919, 0.614618
0.756182, 0.654361
0, 0

-2.53116, 0.614999
0.755659, 0.654965
0, 0

-2.53313, 0.61538
0.755136, 0.655568
0, 0

-2.5351, 0.615761
0.754612, 0.656171
0, 0

-2.53707, 0.616142
0.754088, 0.656774
0, 0

-2.53904, 0.616522
0.753563, 0.657376
0, 0

-2.54101, 0.616902
0.753037, 0.657978
0, 0

-2.54298, 0.617283
0.752511, 0.658579
0, 0

-2.54495, 0.617663
0.751985, 0.65918
0, 0

-2.54692, 0.618042
0.751458, 0.65978
0, 0

-2.54888, 0.618422
0.750931, 0.660381
0, 0

-2.55085, 0.618802
0.750403, 0.66098
0, 0

-2.55281, 0.619181
0.749875, 0.661579
0, 0

-2.55478, 0.61956
0.749346, 0.662178
0, 0

-2.55674, 0.619939
0.748817, 0.662777
0, 0

-2.5587, 0.620318
0.748288, 0.663375
0, 0

-2.56067, 0.620697
0.747757, 0.663972
0, 0

-2.56263, 0.621076
0.747227, 0.664569
0, 0

-2.56459, 0.621454
0.746696, 0.665166
0, 0

-2.56655, 0.621832
0.746164, 0.665762
0, 0

-2.56851, 0.622211
0.745632, 0.666358
0, 0

-2.57047, 0.622589
0.745099, 0.666953
0, 0

-2.57243, 0.622967
0.744566, 0.667548
0, 0

-2.57439, 0.623344
0.744033, 0.668143
0, 0

-2.57634, 0.623722
0.743499, 0.668737
0, 0

-2.5783, 0.624099
0.742965, 0.669331
0, 0

-2.58026, 0.624476
0.74243, 0.669924
0, 0

-2.58221, 0.624854
0.741894, 0.670517
0, 0

-2.58417, 0.625231
0.741358, 0.671109
0, 0

-2.58612, 0.625607
0.740822, 0.671701
0, 0

-2.58808, 0.625984
0.740285, 0.672293
0, 0

-2.59003, 0.626361
0.739748, 0.672884
0, 0

-2.59198, 0.626737
0.73921, 0.673475
0, 0

-2.59394, 0.627113
0.738672, 0.674065
0, 0

-2.59589, 0.627489
0.738133, 0.674655
0, 0

-2.59784, 0.627865
0.737594, 0.675244
0, 0

-2.59979, 0.628241
0.737055, 0.675833
0, 0

-2.60174, 0.628617
0.736515, 0.676422
0, 0

-2.60369, 0.628992
0.735974, 0.67701
0, 0

-2.60563, 0.629367
0.735433, 0.677598
0, 0

-2.60758, 0.629743
0.734891, 0.678185
0, 0

-2.60953, 0.630118
0.734349, 0.678772
0, 0

-2.61148, 0.630492
0.733807, 0.679358
0, 0

-2.61342, 0.630867
0.733264, 0.679944
0, 0

-2.61537, 0.631242
0.732721, 0.680529
0, 0

-2.61731, 0.631616
0.732177, 0.681115
0, 0

-2.61926, 0.631991
0.731633, 0.681699
0, 0

-2.6212, 0.632365
0.731088, 0.682283
0, 0

-2.62314, 0.632739
0.730543, 0.682867
0, 0

-2.62509, 0.633113
0.729997, 0.683451
0, 0

-2.62703, 0.633486
0.729451, 0.684033
0, 0

-2.62897, 0.63386
0.728904, 0.684616
0, 0

-2.63091, 0.634233
0.728357, 0.685198
0, 0

-2.63285, 0.634607
0.727809, 0.68578
0, 0

-2.63479, 0.63498
0.727261, 0.686361
0, 0

-2.63673, 0.635353
0.726713, 0.686941
0, 0

-2.63866, 0.635726
0.726164, 0.687522
0, 0

-2.6406, 0.636098
0.725614, 0.688102
0, 0

-2.64254, 0.636471
0.725064, 0.688681
0, 0

-2.64448, 0.636843
0.724514, 0.68926
0, 0

-2.64641, 0.637216
0.723963, 0.689838
0, 0

-2.64835, 0.637588
0.723412, 0.690417
0, 0

-2.65028, 0.63796
0.72286, 0.690994
0, 0

-2.65222, 0.638332
0.722308, 0.691571
0, 0

-2.65415, 0.638704
0.721755, 0.692148
0, 0

-2.65608, 0.639075
0.721202, 0.692725
0, 0

-2.65801, 0.639447
0.720649, 0.6933
0, 0

-2.65995, 0.639818
0.720095, 0.693876
0, 0

-2.66188, 0.640189
0.71954, 0.694451
0, 0

-2.66381, 0.64056
0.718985, 0.695025
0, 0

-2.66574, 0.640931
0.71843, 0.6956
0, 0

-2.66767, 0.641302
0.717874, 0.696173
0, 0

-2.66959, 0.641672
0.717318, 0.696746
0, 0

-2.67152, 0.642043
0.716761, 0.697319
0, 0

-2.67345, 0.642413
0.716203, 0.697892
0, 0

-2.67538, 0.642783
0.715646, 0.698463
0, 0

-2.6773, 0.643153
0.715088, 0.699035
0, 0

-2.67923, 0.643523
0.714529, 0.699606
0, 0

-2.68116, 0.643893
0.71397, 0.700176
0, 0

-2.68308, 0.644263
0.71341, 0.700746
0, 0

-2.685, 0.644632
0.71285, 0.701316
0, 0

-2.68693, 0.645002
0.71229, 0.701885
0, 0

-2.68885, 0.645371
0.711729, 0.702454
0, 0

-2.69077, 0.64574
0.711168, 0.703022
0, 0

-2.6927, 0.646109
0.710606, 0.70359
0, 0

-2.69462, 0.646478
0.710044, 0.704158
0, 0

-2.69654, 0.646846
0.709481, 0.704725
0, 0

-2.69846, 0.647215
0.708918, 0.705291
0, 0

-2.70038, 0.647583
0.708354, 0.705857
0, 0

-2.7023, 0.647952
0.70779, 0.706423
0, 0

-2.70421, 0.64832
0.707226, 0.706988
0, 0

-2.70613, 0.648688
0.706661, 0.707553
0, 0

-2.70805, 0.649056
0.706095, 0.708117
0, 0

-2.70997, 0.649423
0.705529, 0.708681
0, 0

-2.71188, 0.649791
0.704963, 0.709244
0, 0

-2.7138, 0.650158
0.704396, 0.709807
0, 0

-2.71571, 0.650526
0.703829, 0.71037
0, 0

-2.71763, 0.650893
0.703261, 0.710932
0, 0

-2.71954, 0.65126
0.702693, 0.711493
0, 0

-2.72146, 0.651627
0.702125, 0.712054
0, 0

-2.72337, 0.651994
0.701556, 0.712615
0, 0

-2.72528, 0.65236
0.700986, 0.713175
0, 0

-2.72719, 0.652727
0.700416, 0.713735
0, 0

-2.7291, 0.653093
0.699846, 0.714294
0, 0

-2.73101, 0.65346
0.699275, 0.714853
0, 0

-2.73292, 0.653826
0.698704, 0.715411
0, 0

-2.73483, 0.654192
0.698132, 0.715969
0, 0

