0  2.31391e+09
1  6.88459e+09
2  7.04705e+09
3  6.2164e+09
4  5.25873e+09
5  4.39139e+09
6  3.65462e+09
7  3.04027e+09
8  2.52925e+09
9  2.1025e+09
10  1.74378e+09
11  1.43999e+09
12  1.18077e+09
13  9.57925e+08
14  7.65014e+08
15  5.96913e+08
16  4.49532e+08
17  3.1958e+08
18  2.04388e+08
19  1.0178e+08
20  9.96311e+06
21  -7.25454e+07
22  -1.46982e+08
23  -2.14383e+08
24  -2.75625e+08
25  -3.31448e+08
26  -3.82485e+08
27  -4.29279e+08
28  -4.72297e+08
29  -5.11942e+08
30  -5.48566e+08
31  -5.82474e+08
32  -6.13933e+08
33  -6.4318e+08
34  -6.7042e+08
35  -6.95838e+08
36  -7.19595e+08
37  -7.41837e+08
38  -7.62693e+08
39  -7.82277e+08
40  -8.00693e+08
41  -8.18035e+08
42  -8.34385e+08
43  -8.4982e+08
44  -8.64409e+08
45  -8.78212e+08
46  -8.91288e+08
47  -9.03686e+08
48  -9.15454e+08
49  -9.26636e+08
50  -9.37269e+08
51  -9.47389e+08
52  -9.57031e+08
53  -9.66224e+08
54  -9.74996e+08
55  -9.83373e+08
56  -9.91378e+08
57  -9.99035e+08
58  -1.00636e+09
59  -1.01338e+09
60  -1.0201e+09
61  -1.02655e+09
62  -1.03274e+09
63  -1.03868e+09
64  -1.04438e+09
65  -1.04987e+09
66  -1.05514e+09
67  -1.06022e+09
68  -1.0651e+09
69  -1.06981e+09
70  -1.07434e+09
71  -1.07871e+09
72  -1.08293e+09
73  -1.087e+09
74  -1.09093e+09
75  -1.09472e+09
76  -1.09839e+09
77  -1.10193e+09
78  -1.10535e+09
79  -1.10867e+09
80  -1.11187e+09
81  -1.11498e+09
82  -1.11798e+09
83  -1.12089e+09
84  -1.12371e+09
85  -1.12645e+09
86  -1.1291e+09
87  -1.13167e+09
88  -1.13416e+09
89  -1.13658e+09
90  -1.13893e+09
91  -1.14122e+09
92  -1.14343e+09
93  -1.14559e+09
94  -1.14768e+09
95  -1.14971e+09
96  -1.15169e+09
97  -1.15362e+09
98  -1.15549e+09
99  -1.15731e+09
100  -1.15908e+09
101  -1.16081e+09
102  -1.16249e+09
103  -1.16412e+09
104  -1.16572e+09
105  -1.16727e+09
106  -1.16878e+09
107  -1.17026e+09
108  -1.1717e+09
109  -1.1731e+09
110  -1.17446e+09
111  -1.1758e+09
112  -1.1771e+09
113  -1.17837e+09
114  -1.17961e+09
115  -1.18082e+09
116  -1.182e+09
117  -1.18315e+09
118  -1.18428e+09
119  -1.18538e+09
120  -1.18645e+09
121  -1.1875e+09
122  -1.18853e+09
123  -1.18953e+09
124  -1.19051e+09
125  -1.19147e+09
126  -1.1924e+09
127  -1.19332e+09
128  -1.19421e+09
129  -1.19509e+09
130  -1.19595e+09
131  -1.19678e+09
132  -1.1976e+09
133  -1.19841e+09
134  -1.19919e+09
135  -1.19996e+09
136  -1.20071e+09
137  -1.20145e+09
138  -1.20217e+09
139  -1.20288e+09
140  -1.20357e+09
141  -1.20425e+09
142  -1.20491e+09
143  -1.20556e+09
144  -1.2062e+09
145  -1.20682e+09
146  -1.20743e+09
147  -1.20803e+09
148  -1.20862e+09
149  -1.20919e+09
150  -1.20976e+09
151  -1.21031e+09
152  -1.21085e+09
153  -1.21138e+09
154  -1.2119e+09
155  -1.21241e+09
156  -1.21291e+09
157  -1.21341e+09
158  -1.21389e+09
159  -1.21436e+09
160  -1.21482e+09
161  -1.21528e+09
162  -1.21573e+09
163  -1.21616e+09
164  -1.21659e+09
165  -1.21701e+09
166  -1.21743e+09
167  -1.21783e+09
168  -1.21823e+09
169  -1.21862e+09
170  -1.21901e+09
171  -1.21938e+09
172  -1.21975e+09
173  -1.22012e+09
174  -1.22047e+09
175  -1.22082e+09
176  -1.22117e+09
177  -1.2215e+09
178  -1.22183e+09
179  -1.22216e+09
180  -1.22248e+09
181  -1.22279e+09
182  -1.2231e+09
183  -1.2234e+09
184  -1.2237e+09
185  -1.22399e+09
186  -1.22428e+09
187  -1.22456e+09
188  -1.22483e+09
189  -1.22511e+09
190  -1.22537e+09
191  -1.22563e+09
192  -1.22589e+09
193  -1.22614e+09
194  -1.22639e+09
195  -1.22664e+09
196  -1.22688e+09
197  -1.22711e+09
198  -1.22734e+09
199  -1.22757e+09
200  -1.22779e+09
201  -1.22801e+09
202  -1.22823e+09
203  -1.22844e+09
204  -1.22865e+09
205  -1.22885e+09
206  -1.22905e+09
207  -1.22925e+09
208  -1.22944e+09
209  -1.22963e+09
210  -1.22982e+09
211  -1.23e+09
212  -1.23019e+09
213  -1.23036e+09
214  -1.23054e+09
215  -1.23071e+09
216  -1.23088e+09
217  -1.23104e+09
218  -1.23121e+09
219  -1.23136e+09
220  -1.23152e+09
221  -1.23168e+09
222  -1.23183e+09
223  -1.23198e+09
224  -1.23212e+09
225  -1.23227e+09
226  -1.23241e+09
227  -1.23255e+09
228  -1.23268e+09
229  -1.23282e+09
230  -1.23295e+09
231  -1.23308e+09
232  -1.2332e+09
233  -1.23333e+09
234  -1.23345e+09
235  -1.23357e+09
236  -1.23369e+09
237  -1.2338e+09
238  -1.23392e+09
239  -1.23403e+09
240  -1.23414e+09
241  -1.23425e+09
242  -1.23435e+09
243  -1.23446e+09
244  -1.23456e+09
245  -1.23466e+09
246  -1.23476e+09
247  -1.23485e+09
248  -1.23495e+09
249  -1.23504e+09
250  -1.23513e+09
251  -1.23522e+09
252  -1.23531e+09
253  -1.2354e+09
254  -1.23548e+09
255  -1.23557e+09
256  -1.23565e+09
257  -1.23573e+09
258  -1.23581e+09
259  -1.23588e+09
260  -1.23596e+09
261  -1.23603e+09
262  -1.2361e+09
263  -1.23618e+09
264  -1.23625e+09
265  -1.23631e+09
266  -1.23638e+09
267  -1.23645e+09
268  -1.23651e+09
269  -1.23657e+09
270  -1.23664e+09
271  -1.2367e+09
272  -1.23676e+09
273  -1.23681e+09
274  -1.23687e+09
275  -1.23693e+09
276  -1.23698e+09
277  -1.23703e+09
278  -1.23709e+09
279  -1.23714e+09
280  -1.23719e+09
281  -1.23724e+09
282  -1.23728e+09
283  -1.23733e+09
284  -1.23738e+09
285  -1.23742e+09
286  -1.23746e+09
287  -1.23751e+09
288  -1.23755e+09
289  -1.23759e+09
290  -1.23763e+09
291  -1.23767e+09
292  -1.2377e+09
293  -1.23774e+09
294  -1.23778e+09
295  -1.23781e+09
296  -1.23785e+09
297  -1.23788e+09
298  -1.23791e+09
299  -1.23794e+09
300  -1.23797e+09
301  -1.238e+09
302  -1.23803e+09
303  -1.23806e+09
304  -1.23809e+09
305  -1.23811e+09
306  -1.23814e+09
307  -1.23816e+09
308  -1.23819e+09
309  -1.23821e+09
310  -1.23823e+09
311  -1.23826e+09
312  -1.23828e+09
313  -1.2383e+09
314  -1.23832e+09
315  -1.23834e+09
316  -1.23836e+09
317  -1.23837e+09
318  -1.23839e+09
319  -1.23841e+09
320  -1.23842e+09
321  -1.23844e+09
322  -1.23845e+09
323  -1.23847e+09
324  -1.23848e+09
325  -1.23849e+09
326  -1.2385e+09
327  -1.23852e+09
328  -1.23853e+09
329  -1.23854e+09
330  -1.23855e+09
331  -1.23856e+09
332  -1.23856e+09
333  -1.23857e+09
334  -1.23858e+09
335  -1.23859e+09
336  -1.23859e+09
337  -1.2386e+09
338  -1.2386e+09
339  -1.23861e+09
340  -1.23861e+09
341  -1.23862e+09
342  -1.23862e+09
343  -1.23862e+09
344  -1.23863e+09
345  -1.23863e+09
346  -1.23863e+09
347  -1.23863e+09
348  -1.23863e+09
349  -1.23863e+09
350  -1.23863e+09
351  -1.23863e+09
352  -1.23863e+09
353  -1.23863e+09
354  -1.23862e+09
355  -1.23862e+09
356  -1.23862e+09
357  -1.23861e+09
358  -1.23861e+09
359  -1.23861e+09
360  -1.2386e+09
361  -1.2386e+09
362  -1.23859e+09
363  -1.23859e+09
364  -1.23858e+09
365  -1.23857e+09
366  -1.23857e+09
367  -1.23856e+09
368  -1.23855e+09
369  -1.23854e+09
370  -1.23853e+09
371  -1.23853e+09
372  -1.23852e+09
373  -1.23851e+09
374  -1.2385e+09
375  -1.23849e+09
376  -1.23848e+09
377  -1.23847e+09
378  -1.23846e+09
379  -1.23844e+09
380  -1.23843e+09
381  -1.23842e+09
382  -1.23841e+09
383  -1.2384e+09
384  -1.23838e+09
385  -1.23837e+09
386  -1.23836e+09
387  -1.23834e+09
388  -1.23833e+09
389  -1.23831e+09
390  -1.2383e+09
391  -1.23828e+09
392  -1.23827e+09
393  -1.23825e+09
394  -1.23824e+09
395  -1.23822e+09
396  -1.2382e+09
397  -1.23819e+09
398  -1.23817e+09
399  -1.23815e+09
400  -1.23814e+09
401  -1.23812e+09
402  -1.2381e+09
403  -1.23808e+09
404  -1.23807e+09
405  -1.23805e+09
406  -1.23803e+09
407  -1.23801e+09
408  -1.23799e+09
409  -1.23797e+09
410  -1.23795e+09
411  -1.23793e+09
412  -1.23791e+09
413  -1.23789e+09
414  -1.23787e+09
415  -1.23785e+09
416  -1.23783e+09
417  -1.23781e+09
418  -1.23779e+09
419  -1.23776e+09
420  -1.23774e+09
421  -1.23772e+09
422  -1.2377e+09
423  -1.23768e+09
424  -1.23765e+09
425  -1.23763e+09
426  -1.23761e+09
427  -1.23758e+09
428  -1.23756e+09
429  -1.23754e+09
430  -1.23751e+09
431  -1.23749e+09
432  -1.23747e+09
433  -1.23744e+09
434  -1.23742e+09
435  -1.23739e+09
436  -1.23737e+09
437  -1.23734e+09
438  -1.23732e+09
439  -1.23729e+09
440  -1.23727e+09
441  -1.23724e+09
442  -1.23722e+09
443  -1.23719e+09
444  -1.23717e+09
445  -1.23714e+09
446  -1.23711e+09
447  -1.23709e+09
448  -1.23706e+09
449  -1.23703e+09
450  -1.23701e+09
451  -1.23698e+09
452  -1.23695e+09
453  -1.23693e+09
454  -1.2369e+09
455  -1.23687e+09
456  -1.23684e+09
457  -1.23682e+09
458  -1.23679e+09
459  -1.23676e+09
460  -1.23673e+09
461  -1.2367e+09
462  -1.23668e+09
463  -1.23665e+09
464  -1.23662e+09
465  -1.23659e+09
466  -1.23656e+09
467  -1.23653e+09
468  -1.2365e+09
469  -1.23647e+09
470  -1.23644e+09
471  -1.23641e+09
472  -1.23639e+09
473  -1.23636e+09
474  -1.23633e+09
475  -1.2363e+09
476  -1.23627e+09
477  -1.23624e+09
478  -1.23621e+09
479  -1.23618e+09
480  -1.23615e+09
481  -1.23611e+09
482  -1.23608e+09
483  -1.23605e+09
484  -1.23602e+09
485  -1.23599e+09
486  -1.23596e+09
487  -1.23593e+09
488  -1.2359e+09
489  -1.23587e+09
490  -1.23584e+09
491  -1.23581e+09
492  -1.23577e+09
493  -1.23574e+09
494  -1.23571e+09
495  -1.23568e+09
496  -1.23565e+09
497  -1.23561e+09
498  -1.23558e+09
499  -1.23555e+09
500  -1.23552e+09
501  -1.23549e+09
502  -1.23545e+09
503  -1.23542e+09
504  -1.23539e+09
505  -1.23536e+09
506  -1.23532e+09
507  -1.23529e+09
508  -1.23526e+09
509  -1.23523e+09
510  -1.23519e+09
511  -1.23516e+09
512  -1.23513e+09
513  -1.23509e+09
514  -1.23506e+09
515  -1.23503e+09
516  -1.23499e+09
517  -1.23496e+09
518  -1.23493e+09
519  -1.23489e+09
520  -1.23486e+09
521  -1.23483e+09
522  -1.23479e+09
523  -1.23476e+09
524  -1.23473e+09
525  -1.23469e+09
526  -1.23466e+09
527  -1.23462e+09
528  -1.23459e+09
529  -1.23456e+09
530  -1.23452e+09
531  -1.23449e+09
532  -1.23445e+09
533  -1.23442e+09
534  -1.23439e+09
535  -1.23435e+09
536  -1.23432e+09
537  -1.23428e+09
538  -1.23425e+09
539  -1.23421e+09
540  -1.23418e+09
541  -1.23414e+09
542  -1.23411e+09
543  -1.23407e+09
544  -1.23404e+09
545  -1.234e+09
546  -1.23397e+09
547  -1.23393e+09
548  -1.2339e+09
549  -1.23386e+09
550  -1.23383e+09
551  -1.23379e+09
552  -1.23376e+09
553  -1.23372e+09
554  -1.23369e+09
555  -1.23365e+09
556  -1.23362e+09
557  -1.23358e+09
558  -1.23355e+09
559  -1.23351e+09
560  -1.23348e+09
561  -1.23344e+09
562  -1.23341e+09
563  -1.23337e+09
564  -1.23333e+09
565  -1.2333e+09
566  -1.23326e+09
567  -1.23323e+09
568  -1.23319e+09
569  -1.23316e+09
570  -1.23312e+09
571  -1.23308e+09
572  -1.23305e+09
573  -1.23301e+09
574  -1.23298e+09
575  -1.23294e+09
576  -1.23291e+09
577  -1.23287e+09
578  -1.23283e+09
579  -1.2328e+09
580  -1.23276e+09
581  -1.23273e+09
582  -1.23269e+09
583  -1.23265e+09
584  -1.23262e+09
585  -1.23258e+09
586  -1.23254e+09
587  -1.23251e+09
588  -1.23247e+09
589  -1.23244e+09
590  -1.2324e+09
591  -1.23236e+09
592  -1.23233e+09
593  -1.23229e+09
594  -1.23225e+09
595  -1.23222e+09
596  -1.23218e+09
597  -1.23214e+09
598  -1.23211e+09
599  -1.23207e+09
600  -1.23203e+09
601  -1.232e+09
602  -1.23196e+09
603  -1.23193e+09
604  -1.23189e+09
605  -1.23185e+09
606  -1.23182e+09
607  -1.23178e+09
608  -1.23174e+09
609  -1.23171e+09
610  -1.23167e+09
611  -1.23163e+09
612  -1.2316e+09
613  -1.23156e+09
614  -1.23152e+09
615  -1.23149e+09
616  -1.23145e+09
617  -1.23141e+09
618  -1.23137e+09
619  -1.23134e+09
620  -1.2313e+09
621  -1.23126e+09
622  -1.23123e+09
623  -1.23119e+09
624  -1.23115e+09
625  -1.23112e+09
626  -1.23108e+09
627  -1.23104e+09
628  -1.23101e+09
629  -1.23097e+09
630  -1.23093e+09
631  -1.2309e+09
632  -1.23086e+09
633  -1.23082e+09
634  -1.23078e+09
635  -1.23075e+09
636  -1.23071e+09
637  -1.23067e+09
638  -1.23064e+09
639  -1.2306e+09
640  -1.23056e+09
641  -1.23053e+09
642  -1.23049e+09
643  -1.23045e+09
644  -1.23041e+09
645  -1.23038e+09
646  -1.23034e+09
647  -1.2303e+09
648  -1.23027e+09
649  -1.23023e+09
650  -1.23019e+09
651  -1.23016e+09
652  -1.23012e+09
653  -1.23008e+09
654  -1.23004e+09
655  -1.23001e+09
656  -1.22997e+09
657  -1.22993e+09
658  -1.2299e+09
659  -1.22986e+09
660  -1.22982e+09
661  -1.22979e+09
662  -1.22975e+09
663  -1.22971e+09
664  -1.22967e+09
665  -1.22964e+09
666  -1.2296e+09
667  -1.22956e+09
668  -1.22953e+09
669  -1.22949e+09
670  -1.22945e+09
671  -1.22941e+09
672  -1.22938e+09
673  -1.22934e+09
674  -1.2293e+09
675  -1.22927e+09
676  -1.22923e+09
677  -1.22919e+09
678  -1.22915e+09
679  -1.22912e+09
680  -1.22908e+09
681  -1.22904e+09
682  -1.22901e+09
683  -1.22897e+09
684  -1.22893e+09
685  -1.2289e+09
686  -1.22886e+09
687  -1.22882e+09
688  -1.22878e+09
689  -1.22875e+09
690  -1.22871e+09
691  -1.22867e+09
692  -1.22864e+09
693  -1.2286e+09
694  -1.22856e+09
695  -1.22852e+09
696  -1.22849e+09
697  -1.22845e+09
698  -1.22841e+09
699  -1.22838e+09
700  -1.22834e+09
701  -1.2283e+09
702  -1.22827e+09
703  -1.22823e+09
704  -1.22819e+09
705  -1.22816e+09
706  -1.22812e+09
707  -1.22808e+09
708  -1.22804e+09
709  -1.22801e+09
710  -1.22797e+09
711  -1.22793e+09
712  -1.2279e+09
713  -1.22786e+09
714  -1.22782e+09
715  -1.22779e+09
716  -1.22775e+09
717  -1.22771e+09
718  -1.22768e+09
719  -1.22764e+09
720  -1.2276e+09
721  -1.22756e+09
722  -1.22753e+09
723  -1.22749e+09
724  -1.22745e+09
725  -1.22742e+09
726  -1.22738e+09
727  -1.22734e+09
728  -1.22731e+09
729  -1.22727e+09
730  -1.22723e+09
731  -1.2272e+09
732  -1.22716e+09
733  -1.22712e+09
734  -1.22709e+09
735  -1.22705e+09
736  -1.22701e+09
737  -1.22698e+09
738  -1.22694e+09
739  -1.2269e+09
740  -1.22687e+09
741  -1.22683e+09
742  -1.22679e+09
743  -1.22676e+09
744  -1.22672e+09
745  -1.22668e+09
746  -1.22665e+09
747  -1.22661e+09
748  -1.22657e+09
749  -1.22654e+09
750  -1.2265e+09
751  -1.22646e+09
752  -1.22643e+09
753  -1.22639e+09
754  -1.22635e+09
755  -1.22632e+09
756  -1.22628e+09
757  -1.22624e+09
758  -1.22621e+09
759  -1.22617e+09
760  -1.22613e+09
761  -1.2261e+09
762  -1.22606e+09
763  -1.22603e+09
764  -1.22599e+09
765  -1.22595e+09
766  -1.22592e+09
767  -1.22588e+09
768  -1.22584e+09
769  -1.22581e+09
770  -1.22577e+09
771  -1.22573e+09
772  -1.2257e+09
773  -1.22566e+09
774  -1.22563e+09
775  -1.22559e+09
776  -1.22555e+09
777  -1.22552e+09
778  -1.22548e+09
779  -1.22544e+09
780  -1.22541e+09
781  -1.22537e+09
782  -1.22534e+09
783  -1.2253e+09
784  -1.22526e+09
785  -1.22523e+09
786  -1.22519e+09
787  -1.22516e+09
788  -1.22512e+09
789  -1.22508e+09
790  -1.22505e+09
791  -1.22501e+09
792  -1.22497e+09
793  -1.22494e+09
794  -1.2249e+09
795  -1.22487e+09
796  -1.22483e+09
797  -1.22479e+09
798  -1.22476e+09
799  -1.22472e+09
800  -1.22469e+09
801  -1.22465e+09
802  -1.22462e+09
803  -1.22458e+09
804  -1.22454e+09
805  -1.22451e+09
806  -1.22447e+09
807  -1.22444e+09
808  -1.2244e+09
809  -1.22436e+09
810  -1.22433e+09
811  -1.22429e+09
812  -1.22426e+09
813  -1.22422e+09
814  -1.22419e+09
815  -1.22415e+09
816  -1.22411e+09
817  -1.22408e+09
818  -1.22404e+09
819  -1.22401e+09
820  -1.22397e+09
821  -1.22394e+09
822  -1.2239e+09
823  -1.22386e+09
824  -1.22383e+09
825  -1.22379e+09
826  -1.22376e+09
827  -1.22372e+09
828  -1.22369e+09
829  -1.22365e+09
830  -1.22362e+09
831  -1.22358e+09
832  -1.22355e+09
833  -1.22351e+09
834  -1.22347e+09
835  -1.22344e+09
836  -1.2234e+09
837  -1.22337e+09
838  -1.22333e+09
839  -1.2233e+09
840  -1.22326e+09
841  -1.22323e+09
842  -1.22319e+09
843  -1.22316e+09
844  -1.22312e+09
845  -1.22309e+09
846  -1.22305e+09
847  -1.22302e+09
848  -1.22298e+09
849  -1.22295e+09
850  -1.22291e+09
851  -1.22288e+09
852  -1.22284e+09
853  -1.22281e+09
854  -1.22277e+09
855  -1.22274e+09
856  -1.2227e+09
857  -1.22267e+09
858  -1.22263e+09
859  -1.2226e+09
860  -1.22256e+09
861  -1.22253e+09
862  -1.22249e+09
863  -1.22246e+09
864  -1.22242e+09
865  -1.22239e+09
866  -1.22235e+09
867  -1.22232e+09
868  -1.22228e+09
869  -1.22225e+09
870  -1.22221e+09
871  -1.22218e+09
872  -1.22214e+09
873  -1.22211e+09
874  -1.22207e+09
875  -1.22204e+09
876  -1.222e+09
877  -1.22197e+09
878  -1.22193e+09
879  -1.2219e+09
880  -1.22187e+09
881  -1.22183e+09
882  -1.2218e+09
883  -1.22176e+09
884  -1.22173e+09
885  -1.22169e+09
886  -1.22166e+09
887  -1.22162e+09
888  -1.22159e+09
889  -1.22155e+09
890  -1.22152e+09
891  -1.22149e+09
892  -1.22145e+09
893  -1.22142e+09
894  -1.22138e+09
895  -1.22135e+09
896  -1.22131e+09
897  -1.22128e+09
898  -1.22125e+09
899  -1.22121e+09
900  -1.22118e+09
901  -1.22114e+09
902  -1.22111e+09
903  -1.22107e+09
904  -1.22104e+09
905  -1.22101e+09
906  -1.22097e+09
907  -1.22094e+09
908  -1.2209e+09
909  -1.22087e+09
910  -1.22084e+09
911  -1.2208e+09
912  -1.22077e+09
913  -1.22073e+09
914  -1.2207e+09
915  -1.22067e+09
916  -1.22063e+09
917  -1.2206e+09
918  -1.22056e+09
919  -1.22053e+09
920  -1.2205e+09
921  -1.22046e+09
922  -1.22043e+09
923  -1.22039e+09
924  -1.22036e+09
925  -1.22033e+09
926  -1.22029e+09
927  -1.22026e+09
928  -1.22023e+09
929  -1.22019e+09
930  -1.22016e+09
931  -1.22012e+09
932  -1.22009e+09
933  -1.22006e+09
934  -1.22002e+09
935  -1.21999e+09
936  -1.21996e+09
937  -1.21992e+09
938  -1.21989e+09
939  -1.21986e+09
940  -1.21982e+09
941  -1.21979e+09
942  -1.21976e+09
943  -1.21972e+09
944  -1.21969e+09
945  -1.21966e+09
946  -1.21962e+09
947  -1.21959e+09
948  -1.21956e+09
949  -1.21952e+09
950  -1.21949e+09
951  -1.21946e+09
952  -1.21942e+09
953  -1.21939e+09
954  -1.21936e+09
955  -1.21932e+09
956  -1.21929e+09
957  -1.21926e+09
958  -1.21922e+09
959  -1.21919e+09
960  -1.21916e+09
961  -1.21912e+09
962  -1.21909e+09
963  -1.21906e+09
964  -1.21902e+09
965  -1.21899e+09
966  -1.21896e+09
967  -1.21893e+09
968  -1.21889e+09
969  -1.21886e+09
970  -1.21883e+09
971  -1.21879e+09
972  -1.21876e+09
973  -1.21873e+09
974  -1.2187e+09
975  -1.21866e+09
976  -1.21863e+09
977  -1.2186e+09
978  -1.21856e+09
979  -1.21853e+09
980  -1.2185e+09
981  -1.21847e+09
982  -1.21843e+09
983  -1.2184e+09
984  -1.21837e+09
985  -1.21834e+09
986  -1.2183e+09
987  -1.21827e+09
988  -1.21824e+09
989  -1.2182e+09
990  -1.21817e+09
991  -1.21814e+09
992  -1.21811e+09
993  -1.21807e+09
994  -1.21804e+09
995  -1.21801e+09
996  -1.21798e+09
997  -1.21794e+09
998  -1.21791e+09
999  -1.21788e+09
1000  -1.21785e+09
1001  -1.21782e+09
1002  -1.21778e+09
1003  -1.21775e+09
1004  -1.21772e+09
1005  -1.21769e+09
1006  -1.21765e+09
1007  -1.21762e+09
1008  -1.21759e+09
1009  -1.21756e+09
1010  -1.21753e+09
1011  -1.21749e+09
1012  -1.21746e+09
1013  -1.21743e+09
1014  -1.2174e+09
1015  -1.21736e+09
1016  -1.21733e+09
1017  -1.2173e+09
1018  -1.21727e+09
1019  -1.21724e+09
1020  -1.2172e+09
1021  -1.21717e+09
1022  -1.21714e+09
1023  -1.21711e+09
1024  -1.21708e+09
1025  -1.21705e+09
1026  -1.21701e+09
1027  -1.21698e+09
1028  -1.21695e+09
1029  -1.21692e+09
1030  -1.21689e+09
1031  -1.21685e+09
1032  -1.21682e+09
1033  -1.21679e+09
1034  -1.21676e+09
1035  -1.21673e+09
1036  -1.2167e+09
1037  -1.21666e+09
1038  -1.21663e+09
1039  -1.2166e+09
1040  -1.21657e+09
1041  -1.21654e+09
1042  -1.21651e+09
1043  -1.21647e+09
1044  -1.21644e+09
1045  -1.21641e+09
1046  -1.21638e+09
1047  -1.21635e+09
1048  -1.21632e+09
1049  -1.21629e+09
1050  -1.21625e+09
1051  -1.21622e+09
1052  -1.21619e+09
1053  -1.21616e+09
1054  -1.21613e+09
1055  -1.2161e+09
1056  -1.21607e+09
1057  -1.21604e+09
1058  -1.216e+09
1059  -1.21597e+09
1060  -1.21594e+09
1061  -1.21591e+09
1062  -1.21588e+09
1063  -1.21585e+09
1064  -1.21582e+09
1065  -1.21579e+09
1066  -1.21575e+09
1067  -1.21572e+09
1068  -1.21569e+09
1069  -1.21566e+09
1070  -1.21563e+09
1071  -1.2156e+09
1072  -1.21557e+09
1073  -1.21554e+09
1074  -1.21551e+09
1075  -1.21548e+09
1076  -1.21544e+09
1077  -1.21541e+09
1078  -1.21538e+09
1079  -1.21535e+09
1080  -1.21532e+09
1081  -1.21529e+09
1082  -1.21526e+09
1083  -1.21523e+09
1084  -1.2152e+09
1085  -1.21517e+09
1086  -1.21514e+09
1087  -1.21511e+09
1088  -1.21508e+09
1089  -1.21504e+09
1090  -1.21501e+09
1091  -1.21498e+09
1092  -1.21495e+09
1093  -1.21492e+09
1094  -1.21489e+09
1095  -1.21486e+09
1096  -1.21483e+09
1097  -1.2148e+09
1098  -1.21477e+09
1099  -1.21474e+09
1100  -1.21471e+09
1101  -1.21468e+09
1102  -1.21465e+09
1103  -1.21462e+09
1104  -1.21459e+09
1105  -1.21456e+09
1106  -1.21453e+09
1107  -1.2145e+09
1108  -1.21447e+09
1109  -1.21444e+09
1110  -1.2144e+09
1111  -1.21437e+09
1112  -1.21434e+09
1113  -1.21431e+09
1114  -1.21428e+09
1115  -1.21425e+09
1116  -1.21422e+09
1117  -1.21419e+09
1118  -1.21416e+09
1119  -1.21413e+09
1120  -1.2141e+09
1121  -1.21407e+09
1122  -1.21404e+09
1123  -1.21401e+09
1124  -1.21398e+09
1125  -1.21395e+09
1126  -1.21392e+09
1127  -1.21389e+09
1128  -1.21386e+09
1129  -1.21383e+09
1130  -1.2138e+09
1131  -1.21377e+09
1132  -1.21374e+09
1133  -1.21371e+09
1134  -1.21368e+09
1135  -1.21365e+09
1136  -1.21362e+09
1137  -1.21359e+09
1138  -1.21356e+09
1139  -1.21353e+09
1140  -1.21351e+09
1141  -1.21348e+09
1142  -1.21345e+09
1143  -1.21342e+09
1144  -1.21339e+09
1145  -1.21336e+09
1146  -1.21333e+09
1147  -1.2133e+09
1148  -1.21327e+09
1149  -1.21324e+09
1150  -1.21321e+09
1151  -1.21318e+09
1152  -1.21315e+09
1153  -1.21312e+09
1154  -1.21309e+09
1155  -1.21306e+09
1156  -1.21303e+09
1157  -1.213e+09
1158  -1.21297e+09
1159  -1.21294e+09
1160  -1.21291e+09
1161  -1.21289e+09
1162  -1.21286e+09
1163  -1.21283e+09
1164  -1.2128e+09
1165  -1.21277e+09
1166  -1.21274e+09
1167  -1.21271e+09
1168  -1.21268e+09
1169  -1.21265e+09
1170  -1.21262e+09
1171  -1.21259e+09
1172  -1.21256e+09
1173  -1.21253e+09
1174  -1.21251e+09
1175  -1.21248e+09
1176  -1.21245e+09
1177  -1.21242e+09
1178  -1.21239e+09
1179  -1.21236e+09
1180  -1.21233e+09
1181  -1.2123e+09
1182  -1.21227e+09
1183  -1.21224e+09
1184  -1.21222e+09
1185  -1.21219e+09
1186  -1.21216e+09
1187  -1.21213e+09
1188  -1.2121e+09
1189  -1.21207e+09
1190  -1.21204e+09
1191  -1.21201e+09
1192  -1.21198e+09
1193  -1.21196e+09
1194  -1.21193e+09
1195  -1.2119e+09
1196  -1.21187e+09
1197  -1.21184e+09
1198  -1.21181e+09
1199  -1.21178e+09
1200  -1.21176e+09
1201  -1.21173e+09
1202  -1.2117e+09
1203  -1.21167e+09
1204  -1.21164e+09
1205  -1.21161e+09
1206  -1.21158e+09
1207  -1.21156e+09
1208  -1.21153e+09
1209  -1.2115e+09
1210  -1.21147e+09
1211  -1.21144e+09
1212  -1.21141e+09
1213  -1.21138e+09
1214  -1.21136e+09
1215  -1.21133e+09
1216  -1.2113e+09
1217  -1.21127e+09
1218  -1.21124e+09
1219  -1.21121e+09
1220  -1.21119e+09
1221  -1.21116e+09
1222  -1.21113e+09
1223  -1.2111e+09
1224  -1.21107e+09
1225  -1.21104e+09
1226  -1.21102e+09
1227  -1.21099e+09
1228  -1.21096e+09
1229  -1.21093e+09
1230  -1.2109e+09
1231  -1.21088e+09
1232  -1.21085e+09
1233  -1.21082e+09
1234  -1.21079e+09
1235  -1.21076e+09
1236  -1.21074e+09
1237  -1.21071e+09
1238  -1.21068e+09
1239  -1.21065e+09
1240  -1.21062e+09
1241  -1.2106e+09
1242  -1.21057e+09
1243  -1.21054e+09
1244  -1.21051e+09
1245  -1.21048e+09
1246  -1.21046e+09
1247  -1.21043e+09
1248  -1.2104e+09
1249  -1.21037e+09
1250  -1.21035e+09
1251  -1.21032e+09
1252  -1.21029e+09
1253  -1.21026e+09
1254  -1.21023e+09
1255  -1.21021e+09
1256  -1.21018e+09
1257  -1.21015e+09
1258  -1.21012e+09
1259  -1.2101e+09
1260  -1.21007e+09
1261  -1.21004e+09
1262  -1.21001e+09
1263  -1.20999e+09
1264  -1.20996e+09
1265  -1.20993e+09
1266  -1.2099e+09
1267  -1.20988e+09
1268  -1.20985e+09
1269  -1.20982e+09
1270  -1.20979e+09
1271  -1.20977e+09
1272  -1.20974e+09
1273  -1.20971e+09
1274  -1.20968e+09
1275  -1.20966e+09
1276  -1.20963e+09
1277  -1.2096e+09
1278  -1.20958e+09
1279  -1.20955e+09
1280  -1.20952e+09
1281  -1.20949e+09
1282  -1.20947e+09
1283  -1.20944e+09
1284  -1.20941e+09
1285  -1.20938e+09
1286  -1.20936e+09
1287  -1.20933e+09
1288  -1.2093e+09
1289  -1.20928e+09
1290  -1.20925e+09
1291  -1.20922e+09
1292  -1.20919e+09
1293  -1.20917e+09
1294  -1.20914e+09
1295  -1.20911e+09
1296  -1.20909e+09
1297  -1.20906e+09
1298  -1.20903e+09
1299  -1.20901e+09
1300  -1.20898e+09
1301  -1.20895e+09
1302  -1.20893e+09
1303  -1.2089e+09
1304  -1.20887e+09
1305  -1.20884e+09
1306  -1.20882e+09
1307  -1.20879e+09
1308  -1.20876e+09
1309  -1.20874e+09
1310  -1.20871e+09
1311  -1.20868e+09
1312  -1.20866e+09
1313  -1.20863e+09
1314  -1.2086e+09
1315  -1.20858e+09
1316  -1.20855e+09
1317  -1.20852e+09
1318  -1.2085e+09
1319  -1.20847e+09
1320  -1.20844e+09
1321  -1.20842e+09
1322  -1.20839e+09
1323  -1.20836e+09
1324  -1.20834e+09
1325  -1.20831e+09
1326  -1.20828e+09
1327  -1.20826e+09
1328  -1.20823e+09
1329  -1.20821e+09
1330  -1.20818e+09
1331  -1.20815e+09
1332  -1.20813e+09
1333  -1.2081e+09
1334  -1.20807e+09
1335  -1.20805e+09
1336  -1.20802e+09
1337  -1.20799e+09
1338  -1.20797e+09
1339  -1.20794e+09
1340  -1.20792e+09
1341  -1.20789e+09
1342  -1.20786e+09
1343  -1.20784e+09
1344  -1.20781e+09
1345  -1.20778e+09
1346  -1.20776e+09
1347  -1.20773e+09
1348  -1.20771e+09
1349  -1.20768e+09
1350  -1.20765e+09
1351  -1.20763e+09
1352  -1.2076e+09
1353  -1.20758e+09
1354  -1.20755e+09
1355  -1.20752e+09
1356  -1.2075e+09
1357  -1.20747e+09
1358  -1.20745e+09
1359  -1.20742e+09
1360  -1.20739e+09
1361  -1.20737e+09
1362  -1.20734e+09
1363  -1.20732e+09
1364  -1.20729e+09
1365  -1.20726e+09
1366  -1.20724e+09
1367  -1.20721e+09
1368  -1.20719e+09
1369  -1.20716e+09
1370  -1.20713e+09
1371  -1.20711e+09
1372  -1.20708e+09
1373  -1.20706e+09
1374  -1.20703e+09
1375  -1.20701e+09
1376  -1.20698e+09
1377  -1.20695e+09
1378  -1.20693e+09
1379  -1.2069e+09
1380  -1.20688e+09
1381  -1.20685e+09
1382  -1.20683e+09
1383  -1.2068e+09
1384  -1.20678e+09
1385  -1.20675e+09
1386  -1.20672e+09
1387  -1.2067e+09
1388  -1.20667e+09
1389  -1.20665e+09
1390  -1.20662e+09
1391  -1.2066e+09
1392  -1.20657e+09
1393  -1.20655e+09
1394  -1.20652e+09
1395  -1.20649e+09
1396  -1.20647e+09
1397  -1.20644e+09
1398  -1.20642e+09
1399  -1.20639e+09
1400  -1.20637e+09
1401  -1.20634e+09
1402  -1.20632e+09
1403  -1.20629e+09
1404  -1.20627e+09
1405  -1.20624e+09
1406  -1.20622e+09
1407  -1.20619e+09
1408  -1.20617e+09
1409  -1.20614e+09
1410  -1.20612e+09
1411  -1.20609e+09
1412  -1.20607e+09
1413  -1.20604e+09
1414  -1.20602e+09
1415  -1.20599e+09
1416  -1.20596e+09
1417  -1.20594e+09
1418  -1.20591e+09
1419  -1.20589e+09
1420  -1.20586e+09
1421  -1.20584e+09
1422  -1.20581e+09
1423  -1.20579e+09
1424  -1.20576e+09
1425  -1.20574e+09
1426  -1.20571e+09
1427  -1.20569e+09
1428  -1.20567e+09
1429  -1.20564e+09
1430  -1.20562e+09
1431  -1.20559e+09
1432  -1.20557e+09
1433  -1.20554e+09
1434  -1.20552e+09
1435  -1.20549e+09
1436  -1.20547e+09
1437  -1.20544e+09
1438  -1.20542e+09
1439  -1.20539e+09
1440  -1.20537e+09
1441  -1.20534e+09
1442  -1.20532e+09
1443  -1.20529e+09
1444  -1.20527e+09
1445  -1.20524e+09
1446  -1.20522e+09
1447  -1.20519e+09
1448  -1.20517e+09
1449  -1.20515e+09
1450  -1.20512e+09
1451  -1.2051e+09
1452  -1.20507e+09
1453  -1.20505e+09
1454  -1.20502e+09
1455  -1.205e+09
1456  -1.20497e+09
1457  -1.20495e+09
1458  -1.20492e+09
1459  -1.2049e+09
1460  -1.20488e+09
1461  -1.20485e+09
1462  -1.20483e+09
1463  -1.2048e+09
1464  -1.20478e+09
1465  -1.20475e+09
1466  -1.20473e+09
1467  -1.20471e+09
1468  -1.20468e+09
1469  -1.20466e+09
1470  -1.20463e+09
1471  -1.20461e+09
1472  -1.20458e+09
1473  -1.20456e+09
1474  -1.20454e+09
1475  -1.20451e+09
1476  -1.20449e+09
1477  -1.20446e+09
1478  -1.20444e+09
1479  -1.20441e+09
1480  -1.20439e+09
1481  -1.20437e+09
1482  -1.20434e+09
1483  -1.20432e+09
1484  -1.20429e+09
1485  -1.20427e+09
1486  -1.20425e+09
1487  -1.20422e+09
1488  -1.2042e+09
1489  -1.20417e+09
1490  -1.20415e+09
1491  -1.20413e+09
1492  -1.2041e+09
1493  -1.20408e+09
1494  -1.20405e+09
1495  -1.20403e+09
1496  -1.20401e+09
1497  -1.20398e+09
1498  -1.20396e+09
1499  -1.20393e+09
1500  -1.20391e+09
1501  -1.20389e+09
1502  -1.20386e+09
1503  -1.20384e+09
1504  -1.20382e+09
1505  -1.20379e+09
1506  -1.20377e+09
1507  -1.20374e+09
1508  -1.20372e+09
1509  -1.2037e+09
1510  -1.20367e+09
1511  -1.20365e+09
1512  -1.20363e+09
1513  -1.2036e+09
1514  -1.20358e+09
1515  -1.20355e+09
1516  -1.20353e+09
1517  -1.20351e+09
1518  -1.20348e+09
1519  -1.20346e+09
1520  -1.20344e+09
1521  -1.20341e+09
1522  -1.20339e+09
1523  -1.20337e+09
1524  -1.20334e+09
1525  -1.20332e+09
1526  -1.2033e+09
1527  -1.20327e+09
1528  -1.20325e+09
1529  -1.20322e+09
1530  -1.2032e+09
1531  -1.20318e+09
1532  -1.20315e+09
1533  -1.20313e+09
1534  -1.20311e+09
1535  -1.20308e+09
1536  -1.20306e+09
1537  -1.20304e+09
1538  -1.20301e+09
1539  -1.20299e+09
1540  -1.20297e+09
1541  -1.20294e+09
1542  -1.20292e+09
1543  -1.2029e+09
1544  -1.20287e+09
1545  -1.20285e+09
1546  -1.20283e+09
1547  -1.20281e+09
1548  -1.20278e+09
1549  -1.20276e+09
1550  -1.20274e+09
1551  -1.20271e+09
1552  -1.20269e+09
1553  -1.20267e+09
1554  -1.20264e+09
1555  -1.20262e+09
1556  -1.2026e+09
1557  -1.20257e+09
1558  -1.20255e+09
1559  -1.20253e+09
1560  -1.2025e+09
1561  -1.20248e+09
1562  -1.20246e+09
1563  -1.20244e+09
1564  -1.20241e+09
1565  -1.20239e+09
1566  -1.20237e+09
1567  -1.20234e+09
1568  -1.20232e+09
1569  -1.2023e+09
1570  -1.20228e+09
1571  -1.20225e+09
1572  -1.20223e+09
1573  -1.20221e+09
1574  -1.20218e+09
1575  -1.20216e+09
1576  -1.20214e+09
1577  -1.20212e+09
1578  -1.20209e+09
1579  -1.20207e+09
1580  -1.20205e+09
1581  -1.20202e+09
1582  -1.202e+09
1583  -1.20198e+09
1584  -1.20196e+09
1585  -1.20193e+09
1586  -1.20191e+09
1587  -1.20189e+09
1588  -1.20187e+09
1589  -1.20184e+09
1590  -1.20182e+09
1591  -1.2018e+09
1592  -1.20177e+09
1593  -1.20175e+09
1594  -1.20173e+09
1595  -1.20171e+09
1596  -1.20168e+09
1597  -1.20166e+09
1598  -1.20164e+09
1599  -1.20162e+09
1600  -1.20159e+09
1601  -1.20157e+09
1602  -1.20155e+09
1603  -1.20153e+09
1604  -1.2015e+09
1605  -1.20148e+09
1606  -1.20146e+09
1607  -1.20144e+09
1608  -1.20141e+09
1609  -1.20139e+09
1610  -1.20137e+09
1611  -1.20135e+09
1612  -1.20133e+09
1613  -1.2013e+09
1614  -1.20128e+09
1615  -1.20126e+09
1616  -1.20124e+09
1617  -1.20121e+09
1618  -1.20119e+09
1619  -1.20117e+09
1620  -1.20115e+09
1621  -1.20113e+09
1622  -1.2011e+09
1623  -1.20108e+09
1624  -1.20106e+09
1625  -1.20104e+09
1626  -1.20101e+09
1627  -1.20099e+09
1628  -1.20097e+09
1629  -1.20095e+09
1630  -1.20093e+09
1631  -1.2009e+09
1632  -1.20088e+09
1633  -1.20086e+09
1634  -1.20084e+09
1635  -1.20082e+09
1636  -1.20079e+09
1637  -1.20077e+09
1638  -1.20075e+09
1639  -1.20073e+09
1640  -1.20071e+09
1641  -1.20068e+09
1642  -1.20066e+09
1643  -1.20064e+09
1644  -1.20062e+09
1645  -1.2006e+09
1646  -1.20057e+09
1647  -1.20055e+09
1648  -1.20053e+09
1649  -1.20051e+09
1650  -1.20049e+09
1651  -1.20046e+09
1652  -1.20044e+09
1653  -1.20042e+09
1654  -1.2004e+09
1655  -1.20038e+09
1656  -1.20036e+09
1657  -1.20033e+09
1658  -1.20031e+09
1659  -1.20029e+09
1660  -1.20027e+09
1661  -1.20025e+09
1662  -1.20022e+09
1663  -1.2002e+09
1664  -1.20018e+09
1665  -1.20016e+09
1666  -1.20014e+09
1667  -1.20012e+09
1668  -1.20009e+09
1669  -1.20007e+09
1670  -1.20005e+09
1671  -1.20003e+09
1672  -1.20001e+09
1673  -1.19999e+09
1674  -1.19997e+09
1675  -1.19994e+09
1676  -1.19992e+09
1677  -1.1999e+09
1678  -1.19988e+09
1679  -1.19986e+09
1680  -1.19984e+09
1681  -1.19981e+09
1682  -1.19979e+09
1683  -1.19977e+09
1684  -1.19975e+09
1685  -1.19973e+09
1686  -1.19971e+09
1687  -1.19969e+09
1688  -1.19966e+09
1689  -1.19964e+09
1690  -1.19962e+09
1691  -1.1996e+09
1692  -1.19958e+09
1693  -1.19956e+09
1694  -1.19954e+09
1695  -1.19952e+09
1696  -1.19949e+09
1697  -1.19947e+09
1698  -1.19945e+09
1699  -1.19943e+09
1700  -1.19941e+09
1701  -1.19939e+09
1702  -1.19937e+09
1703  -1.19935e+09
1704  -1.19932e+09
1705  -1.1993e+09
1706  -1.19928e+09
1707  -1.19926e+09
1708  -1.19924e+09
1709  -1.19922e+09
1710  -1.1992e+09
1711  -1.19918e+09
1712  -1.19915e+09
1713  -1.19913e+09
1714  -1.19911e+09
1715  -1.19909e+09
1716  -1.19907e+09
1717  -1.19905e+09
1718  -1.19903e+09
1719  -1.19901e+09
1720  -1.19899e+09
1721  -1.19897e+09
1722  -1.19894e+09
1723  -1.19892e+09
1724  -1.1989e+09
1725  -1.19888e+09
1726  -1.19886e+09
1727  -1.19884e+09
1728  -1.19882e+09
1729  -1.1988e+09
1730  -1.19878e+09
1731  -1.19876e+09
1732  -1.19874e+09
1733  -1.19871e+09
1734  -1.19869e+09
1735  -1.19867e+09
1736  -1.19865e+09
1737  -1.19863e+09
1738  -1.19861e+09
1739  -1.19859e+09
1740  -1.19857e+09
1741  -1.19855e+09
1742  -1.19853e+09
1743  -1.19851e+09
1744  -1.19849e+09
1745  -1.19846e+09
1746  -1.19844e+09
1747  -1.19842e+09
1748  -1.1984e+09
1749  -1.19838e+09
1750  -1.19836e+09
1751  -1.19834e+09
1752  -1.19832e+09
1753  -1.1983e+09
1754  -1.19828e+09
1755  -1.19826e+09
1756  -1.19824e+09
1757  -1.19822e+09
1758  -1.1982e+09
1759  -1.19818e+09
1760  -1.19816e+09
1761  -1.19813e+09
1762  -1.19811e+09
1763  -1.19809e+09
1764  -1.19807e+09
1765  -1.19805e+09
1766  -1.19803e+09
1767  -1.19801e+09
1768  -1.19799e+09
1769  -1.19797e+09
1770  -1.19795e+09
1771  -1.19793e+09
1772  -1.19791e+09
1773  -1.19789e+09
1774  -1.19787e+09
1775  -1.19785e+09
1776  -1.19783e+09
1777  -1.19781e+09
1778  -1.19779e+09
1779  -1.19777e+09
1780  -1.19775e+09
1781  -1.19773e+09
1782  -1.19771e+09
1783  -1.19769e+09
1784  -1.19767e+09
1785  -1.19765e+09
1786  -1.19763e+09
1787  -1.19761e+09
1788  -1.19758e+09
1789  -1.19756e+09
1790  -1.19754e+09
1791  -1.19752e+09
1792  -1.1975e+09
1793  -1.19748e+09
1794  -1.19746e+09
1795  -1.19744e+09
1796  -1.19742e+09
1797  -1.1974e+09
1798  -1.19738e+09
1799  -1.19736e+09
1800  -1.19734e+09
1801  -1.19732e+09
1802  -1.1973e+09
1803  -1.19728e+09
1804  -1.19726e+09
1805  -1.19724e+09
1806  -1.19722e+09
1807  -1.1972e+09
1808  -1.19718e+09
1809  -1.19716e+09
1810  -1.19714e+09
1811  -1.19712e+09
1812  -1.1971e+09
1813  -1.19708e+09
1814  -1.19706e+09
1815  -1.19704e+09
1816  -1.19702e+09
1817  -1.197e+09
1818  -1.19698e+09
1819  -1.19696e+09
1820  -1.19694e+09
1821  -1.19692e+09
1822  -1.1969e+09
1823  -1.19688e+09
1824  -1.19686e+09
1825  -1.19684e+09
1826  -1.19682e+09
1827  -1.1968e+09
1828  -1.19678e+09
1829  -1.19677e+09
1830  -1.19675e+09
1831  -1.19673e+09
1832  -1.19671e+09
1833  -1.19669e+09
1834  -1.19667e+09
1835  -1.19665e+09
1836  -1.19663e+09
1837  -1.19661e+09
1838  -1.19659e+09
1839  -1.19657e+09
1840  -1.19655e+09
1841  -1.19653e+09
1842  -1.19651e+09
1843  -1.19649e+09
1844  -1.19647e+09
1845  -1.19645e+09
1846  -1.19643e+09
1847  -1.19641e+09
1848  -1.19639e+09
1849  -1.19637e+09
1850  -1.19635e+09
1851  -1.19633e+09
1852  -1.19631e+09
1853  -1.19629e+09
1854  -1.19627e+09
1855  -1.19625e+09
1856  -1.19624e+09
1857  -1.19622e+09
1858  -1.1962e+09
1859  -1.19618e+09
1860  -1.19616e+09
1861  -1.19614e+09
1862  -1.19612e+09
1863  -1.1961e+09
1864  -1.19608e+09
1865  -1.19606e+09
1866  -1.19604e+09
1867  -1.19602e+09
1868  -1.196e+09
1869  -1.19598e+09
1870  -1.19596e+09
1871  -1.19594e+09
1872  -1.19592e+09
1873  -1.19591e+09
1874  -1.19589e+09
1875  -1.19587e+09
1876  -1.19585e+09
1877  -1.19583e+09
1878  -1.19581e+09
1879  -1.19579e+09
1880  -1.19577e+09
1881  -1.19575e+09
1882  -1.19573e+09
1883  -1.19571e+09
1884  -1.19569e+09
1885  -1.19567e+09
1886  -1.19566e+09
1887  -1.19564e+09
1888  -1.19562e+09
1889  -1.1956e+09
1890  -1.19558e+09
1891  -1.19556e+09
1892  -1.19554e+09
1893  -1.19552e+09
1894  -1.1955e+09
1895  -1.19548e+09
1896  -1.19546e+09
1897  -1.19545e+09
1898  -1.19543e+09
1899  -1.19541e+09
1900  -1.19539e+09
1901  -1.19537e+09
1902  -1.19535e+09
1903  -1.19533e+09
1904  -1.19531e+09
1905  -1.19529e+09
1906  -1.19527e+09
1907  -1.19526e+09
1908  -1.19524e+09
1909  -1.19522e+09
1910  -1.1952e+09
1911  -1.19518e+09
1912  -1.19516e+09
1913  -1.19514e+09
1914  -1.19512e+09
1915  -1.1951e+09
1916  -1.19508e+09
1917  -1.19507e+09
1918  -1.19505e+09
1919  -1.19503e+09
1920  -1.19501e+09
1921  -1.19499e+09
1922  -1.19497e+09
1923  -1.19495e+09
1924  -1.19493e+09
1925  -1.19492e+09
1926  -1.1949e+09
1927  -1.19488e+09
1928  -1.19486e+09
1929  -1.19484e+09
1930  -1.19482e+09
1931  -1.1948e+09
1932  -1.19478e+09
1933  -1.19477e+09
1934  -1.19475e+09
1935  -1.19473e+09
1936  -1.19471e+09
1937  -1.19469e+09
1938  -1.19467e+09
1939  -1.19465e+09
1940  -1.19463e+09
1941  -1.19462e+09
1942  -1.1946e+09
1943  -1.19458e+09
1944  -1.19456e+09
1945  -1.19454e+09
1946  -1.19452e+09
1947  -1.1945e+09
1948  -1.19449e+09
1949  -1.19447e+09
1950  -1.19445e+09
1951  -1.19443e+09
1952  -1.19441e+09
1953  -1.19439e+09
1954  -1.19438e+09
1955  -1.19436e+09
1956  -1.19434e+09
1957  -1.19432e+09
1958  -1.1943e+09
1959  -1.19428e+09
1960  -1.19426e+09
1961  -1.19425e+09
1962  -1.19423e+09
1963  -1.19421e+09
1964  -1.19419e+09
1965  -1.19417e+09
1966  -1.19415e+09
1967  -1.19414e+09
1968  -1.19412e+09
1969  -1.1941e+09
1970  -1.19408e+09
1971  -1.19406e+09
1972  -1.19404e+09
1973  -1.19403e+09
1974  -1.19401e+09
1975  -1.19399e+09
1976  -1.19397e+09
1977  -1.19395e+09
1978  -1.19393e+09
1979  -1.19392e+09
1980  -1.1939e+09
1981  -1.19388e+09
1982  -1.19386e+09
1983  -1.19384e+09
1984  -1.19382e+09
1985  -1.19381e+09
1986  -1.19379e+09
1987  -1.19377e+09
1988  -1.19375e+09
1989  -1.19373e+09
1990  -1.19372e+09
1991  -1.1937e+09
1992  -1.19368e+09
1993  -1.19366e+09
1994  -1.19364e+09
1995  -1.19363e+09
1996  -1.19361e+09
1997  -1.19359e+09
1998  -1.19357e+09
1999  -1.19355e+09
2000  -1.19353e+09
2001  -1.19352e+09
2002  -1.1935e+09
2003  -1.19348e+09
2004  -1.19346e+09
2005  -1.19344e+09
2006  -1.19343e+09
2007  -1.19341e+09
2008  -1.19339e+09
2009  -1.19337e+09
2010  -1.19335e+09
2011  -1.19334e+09
2012  -1.19332e+09
2013  -1.1933e+09
2014  -1.19328e+09
2015  -1.19327e+09
2016  -1.19325e+09
2017  -1.19323e+09
2018  -1.19321e+09
2019  -1.19319e+09
2020  -1.19318e+09
2021  -1.19316e+09
2022  -1.19314e+09
2023  -1.19312e+09
2024  -1.1931e+09
2025  -1.19309e+09
2026  -1.19307e+09
2027  -1.19305e+09
2028  -1.19303e+09
2029  -1.19302e+09
2030  -1.193e+09
2031  -1.19298e+09
2032  -1.19296e+09
2033  -1.19294e+09
2034  -1.19293e+09
2035  -1.19291e+09
2036  -1.19289e+09
2037  -1.19287e+09
2038  -1.19286e+09
2039  -1.19284e+09
2040  -1.19282e+09
2041  -1.1928e+09
2042  -1.19279e+09
2043  -1.19277e+09
2044  -1.19275e+09
2045  -1.19273e+09
2046  -1.19271e+09
2047  -1.1927e+09
2048  -1.19268e+09
2049  -1.19266e+09
2050  -1.19264e+09
2051  -1.19263e+09
2052  -1.19261e+09
2053  -1.19259e+09
2054  -1.19257e+09
2055  -1.19256e+09
2056  -1.19254e+09
2057  -1.19252e+09
2058  -1.1925e+09
2059  -1.19249e+09
2060  -1.19247e+09
2061  -1.19245e+09
2062  -1.19243e+09
2063  -1.19242e+09
2064  -1.1924e+09
2065  -1.19238e+09
2066  -1.19236e+09
2067  -1.19235e+09
2068  -1.19233e+09
2069  -1.19231e+09
2070  -1.19229e+09
2071  -1.19228e+09
2072  -1.19226e+09
2073  -1.19224e+09
2074  -1.19222e+09
2075  -1.19221e+09
2076  -1.19219e+09
2077  -1.19217e+09
2078  -1.19216e+09
2079  -1.19214e+09
2080  -1.19212e+09
2081  -1.1921e+09
2082  -1.19209e+09
2083  -1.19207e+09
2084  -1.19205e+09
2085  -1.19203e+09
2086  -1.19202e+09
2087  -1.192e+09
2088  -1.19198e+09
2089  -1.19197e+09
2090  -1.19195e+09
2091  -1.19193e+09
2092  -1.19191e+09
2093  -1.1919e+09
2094  -1.19188e+09
2095  -1.19186e+09
2096  -1.19184e+09
2097  -1.19183e+09
2098  -1.19181e+09
2099  -1.19179e+09
2100  -1.19178e+09
2101  -1.19176e+09
2102  -1.19174e+09
2103  -1.19172e+09
2104  -1.19171e+09
2105  -1.19169e+09
2106  -1.19167e+09
2107  -1.19166e+09
2108  -1.19164e+09
2109  -1.19162e+09
2110  -1.19161e+09
2111  -1.19159e+09
2112  -1.19157e+09
2113  -1.19155e+09
2114  -1.19154e+09
2115  -1.19152e+09
2116  -1.1915e+09
2117  -1.19149e+09
2118  -1.19147e+09
2119  -1.19145e+09
2120  -1.19144e+09
2121  -1.19142e+09
2122  -1.1914e+09
2123  -1.19138e+09
2124  -1.19137e+09
2125  -1.19135e+09
2126  -1.19133e+09
2127  -1.19132e+09
2128  -1.1913e+09
2129  -1.19128e+09
2130  -1.19127e+09
2131  -1.19125e+09
2132  -1.19123e+09
2133  -1.19122e+09
2134  -1.1912e+09
2135  -1.19118e+09
2136  -1.19116e+09
2137  -1.19115e+09
2138  -1.19113e+09
2139  -1.19111e+09
2140  -1.1911e+09
2141  -1.19108e+09
2142  -1.19106e+09
2143  -1.19105e+09
2144  -1.19103e+09
2145  -1.19101e+09
2146  -1.191e+09
2147  -1.19098e+09
2148  -1.19096e+09
2149  -1.19095e+09
2150  -1.19093e+09
2151  -1.19091e+09
2152  -1.1909e+09
2153  -1.19088e+09
2154  -1.19086e+09
2155  -1.19085e+09
2156  -1.19083e+09
2157  -1.19081e+09
2158  -1.1908e+09
2159  -1.19078e+09
2160  -1.19076e+09
2161  -1.19075e+09
2162  -1.19073e+09
2163  -1.19071e+09
2164  -1.1907e+09
2165  -1.19068e+09
2166  -1.19066e+09
2167  -1.19065e+09
2168  -1.19063e+09
2169  -1.19061e+09
2170  -1.1906e+09
2171  -1.19058e+09
2172  -1.19056e+09
2173  -1.19055e+09
2174  -1.19053e+09
2175  -1.19052e+09
2176  -1.1905e+09
2177  -1.19048e+09
2178  -1.19047e+09
2179  -1.19045e+09
2180  -1.19043e+09
2181  -1.19042e+09
2182  -1.1904e+09
2183  -1.19038e+09
2184  -1.19037e+09
2185  -1.19035e+09
2186  -1.19033e+09
2187  -1.19032e+09
2188  -1.1903e+09
2189  -1.19028e+09
2190  -1.19027e+09
2191  -1.19025e+09
2192  -1.19024e+09
2193  -1.19022e+09
2194  -1.1902e+09
2195  -1.19019e+09
2196  -1.19017e+09
2197  -1.19015e+09
2198  -1.19014e+09
2199  -1.19012e+09
2200  -1.1901e+09
2201  -1.19009e+09
2202  -1.19007e+09
2203  -1.19006e+09
2204  -1.19004e+09
2205  -1.19002e+09
2206  -1.19001e+09
2207  -1.18999e+09
2208  -1.18997e+09
2209  -1.18996e+09
2210  -1.18994e+09
2211  -1.18993e+09
2212  -1.18991e+09
2213  -1.18989e+09
2214  -1.18988e+09
2215  -1.18986e+09
2216  -1.18985e+09
2217  -1.18983e+09
2218  -1.18981e+09
2219  -1.1898e+09
2220  -1.18978e+09
2221  -1.18976e+09
2222  -1.18975e+09
2223  -1.18973e+09
2224  -1.18972e+09
2225  -1.1897e+09
2226  -1.18968e+09
2227  -1.18967e+09
2228  -1.18965e+09
2229  -1.18964e+09
2230  -1.18962e+09
2231  -1.1896e+09
2232  -1.18959e+09
2233  -1.18957e+09
2234  -1.18956e+09
2235  -1.18954e+09
2236  -1.18952e+09
2237  -1.18951e+09
2238  -1.18949e+09
2239  -1.18948e+09
2240  -1.18946e+09
2241  -1.18944e+09
2242  -1.18943e+09
2243  -1.18941e+09
2244  -1.1894e+09
2245  -1.18938e+09
2246  -1.18936e+09
2247  -1.18935e+09
2248  -1.18933e+09
2249  -1.18932e+09
2250  -1.1893e+09
2251  -1.18928e+09
2252  -1.18927e+09
2253  -1.18925e+09
2254  -1.18924e+09
2255  -1.18922e+09
2256  -1.1892e+09
2257  -1.18919e+09
2258  -1.18917e+09
2259  -1.18916e+09
2260  -1.18914e+09
2261  -1.18913e+09
2262  -1.18911e+09
2263  -1.18909e+09
2264  -1.18908e+09
2265  -1.18906e+09
2266  -1.18905e+09
2267  -1.18903e+09
2268  -1.18902e+09
2269  -1.189e+09
2270  -1.18898e+09
2271  -1.18897e+09
2272  -1.18895e+09
2273  -1.18894e+09
2274  -1.18892e+09
2275  -1.1889e+09
2276  -1.18889e+09
2277  -1.18887e+09
2278  -1.18886e+09
2279  -1.18884e+09
2280  -1.18883e+09
2281  -1.18881e+09
2282  -1.1888e+09
2283  -1.18878e+09
2284  -1.18876e+09
2285  -1.18875e+09
2286  -1.18873e+09
2287  -1.18872e+09
2288  -1.1887e+09
2289  -1.18869e+09
2290  -1.18867e+09
2291  -1.18865e+09
2292  -1.18864e+09
2293  -1.18862e+09
2294  -1.18861e+09
2295  -1.18859e+09
2296  -1.18858e+09
2297  -1.18856e+09
2298  -1.18855e+09
2299  -1.18853e+09
2300  -1.18851e+09
2301  -1.1885e+09
2302  -1.18848e+09
2303  -1.18847e+09
2304  -1.18845e+09
2305  -1.18844e+09
2306  -1.18842e+09
2307  -1.18841e+09
2308  -1.18839e+09
2309  -1.18838e+09
2310  -1.18836e+09
2311  -1.18834e+09
2312  -1.18833e+09
2313  -1.18831e+09
2314  -1.1883e+09
2315  -1.18828e+09
2316  -1.18827e+09
2317  -1.18825e+09
2318  -1.18824e+09
2319  -1.18822e+09
2320  -1.18821e+09
2321  -1.18819e+09
2322  -1.18817e+09
2323  -1.18816e+09
2324  -1.18814e+09
2325  -1.18813e+09
2326  -1.18811e+09
2327  -1.1881e+09
2328  -1.18808e+09
2329  -1.18807e+09
2330  -1.18805e+09
2331  -1.18804e+09
2332  -1.18802e+09
2333  -1.18801e+09
2334  -1.18799e+09
2335  -1.18798e+09
2336  -1.18796e+09
2337  -1.18795e+09
2338  -1.18793e+09
2339  -1.18791e+09
2340  -1.1879e+09
2341  -1.18788e+09
2342  -1.18787e+09
2343  -1.18785e+09
2344  -1.18784e+09
2345  -1.18782e+09
2346  -1.18781e+09
2347  -1.18779e+09
2348  -1.18778e+09
2349  -1.18776e+09
2350  -1.18775e+09
2351  -1.18773e+09
2352  -1.18772e+09
2353  -1.1877e+09
2354  -1.18769e+09
2355  -1.18767e+09
2356  -1.18766e+09
2357  -1.18764e+09
2358  -1.18763e+09
2359  -1.18761e+09
2360  -1.1876e+09
2361  -1.18758e+09
2362  -1.18757e+09
2363  -1.18755e+09
2364  -1.18754e+09
2365  -1.18752e+09
2366  -1.18751e+09
2367  -1.18749e+09
2368  -1.18748e+09
2369  -1.18746e+09
2370  -1.18745e+09
2371  -1.18743e+09
2372  -1.18742e+09
2373  -1.1874e+09
2374  -1.18739e+09
2375  -1.18737e+09
2376  -1.18736e+09
2377  -1.18734e+09
2378  -1.18733e+09
2379  -1.18731e+09
2380  -1.1873e+09
2381  -1.18728e+09
2382  -1.18727e+09
2383  -1.18725e+09
2384  -1.18724e+09
2385  -1.18722e+09
2386  -1.18721e+09
2387  -1.18719e+09
2388  -1.18718e+09
2389  -1.18716e+09
2390  -1.18715e+09
2391  -1.18713e+09
2392  -1.18712e+09
2393  -1.1871e+09
2394  -1.18709e+09
2395  -1.18707e+09
2396  -1.18706e+09
2397  -1.18704e+09
2398  -1.18703e+09
2399  -1.18701e+09
2400  -1.187e+09
2401  -1.18698e+09
2402  -1.18697e+09
2403  -1.18695e+09
2404  -1.18694e+09
2405  -1.18693e+09
2406  -1.18691e+09
2407  -1.1869e+09
2408  -1.18688e+09
2409  -1.18687e+09
2410  -1.18685e+09
2411  -1.18684e+09
2412  -1.18682e+09
2413  -1.18681e+09
2414  -1.18679e+09
2415  -1.18678e+09
2416  -1.18676e+09
2417  -1.18675e+09
2418  -1.18673e+09
2419  -1.18672e+09
2420  -1.1867e+09
2421  -1.18669e+09
2422  -1.18668e+09
2423  -1.18666e+09
2424  -1.18665e+09
2425  -1.18663e+09
2426  -1.18662e+09
2427  -1.1866e+09
2428  -1.18659e+09
2429  -1.18657e+09
2430  -1.18656e+09
2431  -1.18654e+09
2432  -1.18653e+09
2433  -1.18651e+09
2434  -1.1865e+09
2435  -1.18649e+09
2436  -1.18647e+09
2437  -1.18646e+09
2438  -1.18644e+09
2439  -1.18643e+09
2440  -1.18641e+09
2441  -1.1864e+09
2442  -1.18638e+09
2443  -1.18637e+09
2444  -1.18635e+09
2445  -1.18634e+09
2446  -1.18633e+09
2447  -1.18631e+09
2448  -1.1863e+09
2449  -1.18628e+09
2450  -1.18627e+09
2451  -1.18625e+09
2452  -1.18624e+09
2453  -1.18622e+09
2454  -1.18621e+09
2455  -1.1862e+09
2456  -1.18618e+09
2457  -1.18617e+09
2458  -1.18615e+09
2459  -1.18614e+09
2460  -1.18612e+09
2461  -1.18611e+09
2462  -1.1861e+09
2463  -1.18608e+09
2464  -1.18607e+09
2465  -1.18605e+09
2466  -1.18604e+09
2467  -1.18602e+09
2468  -1.18601e+09
2469  -1.18599e+09
2470  -1.18598e+09
2471  -1.18597e+09
2472  -1.18595e+09
2473  -1.18594e+09
2474  -1.18592e+09
2475  -1.18591e+09
2476  -1.18589e+09
2477  -1.18588e+09
2478  -1.18587e+09
2479  -1.18585e+09
2480  -1.18584e+09
2481  -1.18582e+09
2482  -1.18581e+09
2483  -1.18579e+09
2484  -1.18578e+09
2485  -1.18577e+09
2486  -1.18575e+09
2487  -1.18574e+09
2488  -1.18572e+09
2489  -1.18571e+09
2490  -1.1857e+09
2491  -1.18568e+09
2492  -1.18567e+09
2493  -1.18565e+09
2494  -1.18564e+09
2495  -1.18562e+09
2496  -1.18561e+09
2497  -1.1856e+09
2498  -1.18558e+09
2499  -1.18557e+09
2500  -1.18555e+09
2501  -1.18554e+09
2502  -1.18553e+09
2503  -1.18551e+09
2504  -1.1855e+09
2505  -1.18548e+09
2506  -1.18547e+09
2507  -1.18546e+09
2508  -1.18544e+09
2509  -1.18543e+09
2510  -1.18541e+09
2511  -1.1854e+09
2512  -1.18538e+09
2513  -1.18537e+09
2514  -1.18536e+09
2515  -1.18534e+09
2516  -1.18533e+09
2517  -1.18531e+09
2518  -1.1853e+09
2519  -1.18529e+09
2520  -1.18527e+09
2521  -1.18526e+09
2522  -1.18524e+09
2523  -1.18523e+09
2524  -1.18522e+09
2525  -1.1852e+09
2526  -1.18519e+09
2527  -1.18517e+09
2528  -1.18516e+09
2529  -1.18515e+09
2530  -1.18513e+09
2531  -1.18512e+09
2532  -1.18511e+09
2533  -1.18509e+09
2534  -1.18508e+09
2535  -1.18506e+09
2536  -1.18505e+09
2537  -1.18504e+09
2538  -1.18502e+09
2539  -1.18501e+09
2540  -1.18499e+09
2541  -1.18498e+09
2542  -1.18497e+09
2543  -1.18495e+09
2544  -1.18494e+09
2545  -1.18492e+09
2546  -1.18491e+09
2547  -1.1849e+09
2548  -1.18488e+09
2549  -1.18487e+09
2550  -1.18486e+09
2551  -1.18484e+09
2552  -1.18483e+09
2553  -1.18481e+09
2554  -1.1848e+09
2555  -1.18479e+09
2556  -1.18477e+09
2557  -1.18476e+09
2558  -1.18475e+09
2559  -1.18473e+09
2560  -1.18472e+09
2561  -1.1847e+09
2562  -1.18469e+09
2563  -1.18468e+09
2564  -1.18466e+09
2565  -1.18465e+09
2566  -1.18464e+09
2567  -1.18462e+09
2568  -1.18461e+09
2569  -1.18459e+09
2570  -1.18458e+09
2571  -1.18457e+09
2572  -1.18455e+09
2573  -1.18454e+09
2574  -1.18453e+09
2575  -1.18451e+09
2576  -1.1845e+09
2577  -1.18449e+09
2578  -1.18447e+09
2579  -1.18446e+09
2580  -1.18444e+09
2581  -1.18443e+09
2582  -1.18442e+09
2583  -1.1844e+09
2584  -1.18439e+09
2585  -1.18438e+09
2586  -1.18436e+09
2587  -1.18435e+09
2588  -1.18434e+09
2589  -1.18432e+09
2590  -1.18431e+09
2591  -1.1843e+09
2592  -1.18428e+09
2593  -1.18427e+09
2594  -1.18425e+09
2595  -1.18424e+09
2596  -1.18423e+09
2597  -1.18421e+09
2598  -1.1842e+09
2599  -1.18419e+09
2600  -1.18417e+09
2601  -1.18416e+09
2602  -1.18415e+09
2603  -1.18413e+09
2604  -1.18412e+09
2605  -1.18411e+09
2606  -1.18409e+09
2607  -1.18408e+09
2608  -1.18407e+09
2609  -1.18405e+09
2610  -1.18404e+09
2611  -1.18403e+09
2612  -1.18401e+09
2613  -1.184e+09
2614  -1.18399e+09
2615  -1.18397e+09
2616  -1.18396e+09
2617  -1.18395e+09
2618  -1.18393e+09
2619  -1.18392e+09
2620  -1.1839e+09
2621  -1.18389e+09
2622  -1.18388e+09
2623  -1.18386e+09
2624  -1.18385e+09
2625  -1.18384e+09
2626  -1.18382e+09
2627  -1.18381e+09
2628  -1.1838e+09
2629  -1.18378e+09
2630  -1.18377e+09
2631  -1.18376e+09
2632  -1.18374e+09
2633  -1.18373e+09
2634  -1.18372e+09
2635  -1.18371e+09
2636  -1.18369e+09
2637  -1.18368e+09
2638  -1.18367e+09
2639  -1.18365e+09
2640  -1.18364e+09
2641  -1.18363e+09
2642  -1.18361e+09
2643  -1.1836e+09
2644  -1.18359e+09
2645  -1.18357e+09
2646  -1.18356e+09
2647  -1.18355e+09
2648  -1.18353e+09
2649  -1.18352e+09
2650  -1.18351e+09
2651  -1.18349e+09
2652  -1.18348e+09
2653  -1.18347e+09
2654  -1.18345e+09
2655  -1.18344e+09
2656  -1.18343e+09
2657  -1.18341e+09
2658  -1.1834e+09
2659  -1.18339e+09
2660  -1.18337e+09
2661  -1.18336e+09
2662  -1.18335e+09
2663  -1.18334e+09
2664  -1.18332e+09
2665  -1.18331e+09
2666  -1.1833e+09
2667  -1.18328e+09
2668  -1.18327e+09
2669  -1.18326e+09
2670  -1.18324e+09
2671  -1.18323e+09
2672  -1.18322e+09
2673  -1.1832e+09
2674  -1.18319e+09
2675  -1.18318e+09
2676  -1.18317e+09
2677  -1.18315e+09
2678  -1.18314e+09
2679  -1.18313e+09
2680  -1.18311e+09
2681  -1.1831e+09
2682  -1.18309e+09
2683  -1.18307e+09
2684  -1.18306e+09
2685  -1.18305e+09
2686  -1.18304e+09
2687  -1.18302e+09
2688  -1.18301e+09
2689  -1.183e+09
2690  -1.18298e+09
2691  -1.18297e+09
2692  -1.18296e+09
2693  -1.18294e+09
2694  -1.18293e+09
2695  -1.18292e+09
2696  -1.18291e+09
2697  -1.18289e+09
2698  -1.18288e+09
2699  -1.18287e+09
2700  -1.18285e+09
2701  -1.18284e+09
2702  -1.18283e+09
2703  -1.18282e+09
2704  -1.1828e+09
2705  -1.18279e+09
2706  -1.18278e+09
2707  -1.18276e+09
2708  -1.18275e+09
2709  -1.18274e+09
2710  -1.18273e+09
2711  -1.18271e+09
2712  -1.1827e+09
2713  -1.18269e+09
2714  -1.18267e+09
2715  -1.18266e+09
2716  -1.18265e+09
2717  -1.18264e+09
2718  -1.18262e+09
2719  -1.18261e+09
2720  -1.1826e+09
2721  -1.18258e+09
2722  -1.18257e+09
2723  -1.18256e+09
2724  -1.18255e+09
2725  -1.18253e+09
2726  -1.18252e+09
2727  -1.18251e+09
2728  -1.18249e+09
2729  -1.18248e+09
2730  -1.18247e+09
2731  -1.18246e+09
2732  -1.18244e+09
2733  -1.18243e+09
2734  -1.18242e+09
2735  -1.18241e+09
2736  -1.18239e+09
2737  -1.18238e+09
2738  -1.18237e+09
2739  -1.18236e+09
2740  -1.18234e+09
2741  -1.18233e+09
2742  -1.18232e+09
2743  -1.1823e+09
2744  -1.18229e+09
2745  -1.18228e+09
2746  -1.18227e+09
2747  -1.18225e+09
2748  -1.18224e+09
2749  -1.18223e+09
2750  -1.18222e+09
2751  -1.1822e+09
2752  -1.18219e+09
2753  -1.18218e+09
2754  -1.18217e+09
2755  -1.18215e+09
2756  -1.18214e+09
2757  -1.18213e+09
2758  -1.18211e+09
2759  -1.1821e+09
2760  -1.18209e+09
2761  -1.18208e+09
2762  -1.18206e+09
2763  -1.18205e+09
2764  -1.18204e+09
2765  -1.18203e+09
2766  -1.18201e+09
2767  -1.182e+09
2768  -1.18199e+09
2769  -1.18198e+09
2770  -1.18196e+09
2771  -1.18195e+09
2772  -1.18194e+09
2773  -1.18193e+09
2774  -1.18191e+09
2775  -1.1819e+09
2776  -1.18189e+09
2777  -1.18188e+09
2778  -1.18186e+09
2779  -1.18185e+09
2780  -1.18184e+09
2781  -1.18183e+09
2782  -1.18181e+09
2783  -1.1818e+09
2784  -1.18179e+09
2785  -1.18178e+09
2786  -1.18176e+09
2787  -1.18175e+09
2788  -1.18174e+09
2789  -1.18173e+09
2790  -1.18172e+09
2791  -1.1817e+09
2792  -1.18169e+09
2793  -1.18168e+09
2794  -1.18167e+09
2795  -1.18165e+09
2796  -1.18164e+09
2797  -1.18163e+09
2798  -1.18162e+09
2799  -1.1816e+09
2800  -1.18159e+09
2801  -1.18158e+09
2802  -1.18157e+09
2803  -1.18155e+09
2804  -1.18154e+09
2805  -1.18153e+09
2806  -1.18152e+09
2807  -1.1815e+09
2808  -1.18149e+09
2809  -1.18148e+09
2810  -1.18147e+09
2811  -1.18146e+09
2812  -1.18144e+09
2813  -1.18143e+09
2814  -1.18142e+09
2815  -1.18141e+09
2816  -1.18139e+09
2817  -1.18138e+09
2818  -1.18137e+09
2819  -1.18136e+09
2820  -1.18135e+09
2821  -1.18133e+09
2822  -1.18132e+09
2823  -1.18131e+09
2824  -1.1813e+09
2825  -1.18128e+09
2826  -1.18127e+09
2827  -1.18126e+09
2828  -1.18125e+09
2829  -1.18124e+09
2830  -1.18122e+09
2831  -1.18121e+09
2832  -1.1812e+09
2833  -1.18119e+09
2834  -1.18117e+09
2835  -1.18116e+09
2836  -1.18115e+09
2837  -1.18114e+09
2838  -1.18113e+09
2839  -1.18111e+09
2840  -1.1811e+09
2841  -1.18109e+09
2842  -1.18108e+09
2843  -1.18106e+09
2844  -1.18105e+09
2845  -1.18104e+09
2846  -1.18103e+09
2847  -1.18102e+09
2848  -1.181e+09
2849  -1.18099e+09
2850  -1.18098e+09
2851  -1.18097e+09
2852  -1.18096e+09
2853  -1.18094e+09
2854  -1.18093e+09
2855  -1.18092e+09
2856  -1.18091e+09
2857  -1.1809e+09
2858  -1.18088e+09
2859  -1.18087e+09
2860  -1.18086e+09
2861  -1.18085e+09
2862  -1.18084e+09
2863  -1.18082e+09
2864  -1.18081e+09
2865  -1.1808e+09
2866  -1.18079e+09
2867  -1.18078e+09
2868  -1.18076e+09
2869  -1.18075e+09
2870  -1.18074e+09
2871  -1.18073e+09
2872  -1.18072e+09
2873  -1.1807e+09
2874  -1.18069e+09
2875  -1.18068e+09
2876  -1.18067e+09
2877  -1.18066e+09
2878  -1.18064e+09
2879  -1.18063e+09
2880  -1.18062e+09
2881  -1.18061e+09
2882  -1.1806e+09
2883  -1.18058e+09
2884  -1.18057e+09
2885  -1.18056e+09
2886  -1.18055e+09
2887  -1.18054e+09
2888  -1.18052e+09
2889  -1.18051e+09
2890  -1.1805e+09
2891  -1.18049e+09
2892  -1.18048e+09
2893  -1.18046e+09
2894  -1.18045e+09
2895  -1.18044e+09
2896  -1.18043e+09
2897  -1.18042e+09
2898  -1.18041e+09
2899  -1.18039e+09
2900  -1.18038e+09
2901  -1.18037e+09
2902  -1.18036e+09
2903  -1.18035e+09
2904  -1.18033e+09
2905  -1.18032e+09
2906  -1.18031e+09
2907  -1.1803e+09
2908  -1.18029e+09
2909  -1.18028e+09
2910  -1.18026e+09
2911  -1.18025e+09
2912  -1.18024e+09
2913  -1.18023e+09
2914  -1.18022e+09
2915  -1.1802e+09
2916  -1.18019e+09
2917  -1.18018e+09
2918  -1.18017e+09
2919  -1.18016e+09
2920  -1.18015e+09
2921  -1.18013e+09
2922  -1.18012e+09
2923  -1.18011e+09
2924  -1.1801e+09
2925  -1.18009e+09
2926  -1.18008e+09
2927  -1.18006e+09
2928  -1.18005e+09
2929  -1.18004e+09
2930  -1.18003e+09
2931  -1.18002e+09
2932  -1.18001e+09
2933  -1.17999e+09
2934  -1.17998e+09
2935  -1.17997e+09
2936  -1.17996e+09
2937  -1.17995e+09
2938  -1.17994e+09
2939  -1.17992e+09
2940  -1.17991e+09
2941  -1.1799e+09
2942  -1.17989e+09
2943  -1.17988e+09
2944  -1.17987e+09
2945  -1.17985e+09
2946  -1.17984e+09
2947  -1.17983e+09
2948  -1.17982e+09
2949  -1.17981e+09
2950  -1.1798e+09
2951  -1.17978e+09
2952  -1.17977e+09
2953  -1.17976e+09
2954  -1.17975e+09
2955  -1.17974e+09
2956  -1.17973e+09
2957  -1.17971e+09
2958  -1.1797e+09
2959  -1.17969e+09
2960  -1.17968e+09
2961  -1.17967e+09
2962  -1.17966e+09
2963  -1.17965e+09
2964  -1.17963e+09
2965  -1.17962e+09
2966  -1.17961e+09
2967  -1.1796e+09
2968  -1.17959e+09
2969  -1.17958e+09
2970  -1.17957e+09
2971  -1.17955e+09
2972  -1.17954e+09
2973  -1.17953e+09
2974  -1.17952e+09
2975  -1.17951e+09
2976  -1.1795e+09
2977  -1.17948e+09
2978  -1.17947e+09
2979  -1.17946e+09
2980  -1.17945e+09
2981  -1.17944e+09
2982  -1.17943e+09
2983  -1.17942e+09
2984  -1.1794e+09
2985  -1.17939e+09
2986  -1.17938e+09
2987  -1.17937e+09
2988  -1.17936e+09
2989  -1.17935e+09
2990  -1.17934e+09
2991  -1.17932e+09
2992  -1.17931e+09
2993  -1.1793e+09
2994  -1.17929e+09
2995  -1.17928e+09
2996  -1.17927e+09
2997  -1.17926e+09
2998  -1.17924e+09
2999  -1.17923e+09
3000  -1.17922e+09
3001  -1.17921e+09
3002  -1.1792e+09
3003  -1.17919e+09
3004  -1.17918e+09
3005  -1.17917e+09
3006  -1.17915e+09
3007  -1.17914e+09
3008  -1.17913e+09
3009  -1.17912e+09
3010  -1.17911e+09
3011  -1.1791e+09
3012  -1.17909e+09
3013  -1.17907e+09
3014  -1.17906e+09
3015  -1.17905e+09
3016  -1.17904e+09
3017  -1.17903e+09
3018  -1.17902e+09
3019  -1.17901e+09
3020  -1.179e+09
3021  -1.17898e+09
3022  -1.17897e+09
3023  -1.17896e+09
3024  -1.17895e+09
3025  -1.17894e+09
3026  -1.17893e+09
3027  -1.17892e+09
3028  -1.17891e+09
3029  -1.17889e+09
3030  -1.17888e+09
3031  -1.17887e+09
3032  -1.17886e+09
3033  -1.17885e+09
3034  -1.17884e+09
3035  -1.17883e+09
3036  -1.17882e+09
3037  -1.17881e+09
3038  -1.17879e+09
3039  -1.17878e+09
3040  -1.17877e+09
3041  -1.17876e+09
3042  -1.17875e+09
3043  -1.17874e+09
3044  -1.17873e+09
3045  -1.17872e+09
3046  -1.1787e+09
3047  -1.17869e+09
3048  -1.17868e+09
3049  -1.17867e+09
3050  -1.17866e+09
3051  -1.17865e+09
3052  -1.17864e+09
3053  -1.17863e+09
3054  -1.17862e+09
3055  -1.1786e+09
3056  -1.17859e+09
3057  -1.17858e+09
3058  -1.17857e+09
3059  -1.17856e+09
3060  -1.17855e+09
3061  -1.17854e+09
3062  -1.17853e+09
3063  -1.17852e+09
3064  -1.1785e+09
3065  -1.17849e+09
3066  -1.17848e+09
3067  -1.17847e+09
3068  -1.17846e+09
3069  -1.17845e+09
3070  -1.17844e+09
3071  -1.17843e+09
3072  -1.17842e+09
3073  -1.17841e+09
3074  -1.17839e+09
3075  -1.17838e+09
3076  -1.17837e+09
3077  -1.17836e+09
3078  -1.17835e+09
3079  -1.17834e+09
3080  -1.17833e+09
3081  -1.17832e+09
3082  -1.17831e+09
3083  -1.1783e+09
3084  -1.17828e+09
3085  -1.17827e+09
3086  -1.17826e+09
3087  -1.17825e+09
3088  -1.17824e+09
3089  -1.17823e+09
3090  -1.17822e+09
3091  -1.17821e+09
3092  -1.1782e+09
3093  -1.17819e+09
3094  -1.17817e+09
3095  -1.17816e+09
3096  -1.17815e+09
3097  -1.17814e+09
3098  -1.17813e+09
3099  -1.17812e+09
3100  -1.17811e+09
3101  -1.1781e+09
3102  -1.17809e+09
3103  -1.17808e+09
3104  -1.17807e+09
3105  -1.17805e+09
3106  -1.17804e+09
3107  -1.17803e+09
3108  -1.17802e+09
3109  -1.17801e+09
3110  -1.178e+09
3111  -1.17799e+09
3112  -1.17798e+09
3113  -1.17797e+09
3114  -1.17796e+09
3115  -1.17795e+09
3116  -1.17794e+09
3117  -1.17792e+09
3118  -1.17791e+09
3119  -1.1779e+09
3120  -1.17789e+09
3121  -1.17788e+09
3122  -1.17787e+09
3123  -1.17786e+09
3124  -1.17785e+09
3125  -1.17784e+09
3126  -1.17783e+09
3127  -1.17782e+09
3128  -1.17781e+09
3129  -1.1778e+09
3130  -1.17778e+09
3131  -1.17777e+09
3132  -1.17776e+09
3133  -1.17775e+09
3134  -1.17774e+09
3135  -1.17773e+09
3136  -1.17772e+09
3137  -1.17771e+09
3138  -1.1777e+09
3139  -1.17769e+09
3140  -1.17768e+09
3141  -1.17767e+09
3142  -1.17766e+09
3143  -1.17764e+09
3144  -1.17763e+09
3145  -1.17762e+09
3146  -1.17761e+09
3147  -1.1776e+09
3148  -1.17759e+09
3149  -1.17758e+09
3150  -1.17757e+09
3151  -1.17756e+09
3152  -1.17755e+09
3153  -1.17754e+09
3154  -1.17753e+09
3155  -1.17752e+09
3156  -1.17751e+09
3157  -1.17749e+09
3158  -1.17748e+09
3159  -1.17747e+09
3160  -1.17746e+09
3161  -1.17745e+09
3162  -1.17744e+09
3163  -1.17743e+09
3164  -1.17742e+09
3165  -1.17741e+09
3166  -1.1774e+09
3167  -1.17739e+09
3168  -1.17738e+09
3169  -1.17737e+09
3170  -1.17736e+09
3171  -1.17735e+09
3172  -1.17734e+09
3173  -1.17733e+09
3174  -1.17731e+09
3175  -1.1773e+09
3176  -1.17729e+09
3177  -1.17728e+09
3178  -1.17727e+09
3179  -1.17726e+09
3180  -1.17725e+09
3181  -1.17724e+09
3182  -1.17723e+09
3183  -1.17722e+09
3184  -1.17721e+09
3185  -1.1772e+09
3186  -1.17719e+09
3187  -1.17718e+09
3188  -1.17717e+09
3189  -1.17716e+09
3190  -1.17715e+09
3191  -1.17714e+09
3192  -1.17712e+09
3193  -1.17711e+09
3194  -1.1771e+09
3195  -1.17709e+09
3196  -1.17708e+09
3197  -1.17707e+09
3198  -1.17706e+09
3199  -1.17705e+09
3200  -1.17704e+09
3201  -1.17703e+09
3202  -1.17702e+09
3203  -1.17701e+09
3204  -1.177e+09
3205  -1.17699e+09
3206  -1.17698e+09
3207  -1.17697e+09
3208  -1.17696e+09
3209  -1.17695e+09
3210  -1.17694e+09
3211  -1.17693e+09
3212  -1.17692e+09
3213  -1.1769e+09
3214  -1.17689e+09
3215  -1.17688e+09
3216  -1.17687e+09
3217  -1.17686e+09
3218  -1.17685e+09
3219  -1.17684e+09
3220  -1.17683e+09
3221  -1.17682e+09
3222  -1.17681e+09
3223  -1.1768e+09
3224  -1.17679e+09
3225  -1.17678e+09
3226  -1.17677e+09
3227  -1.17676e+09
3228  -1.17675e+09
3229  -1.17674e+09
3230  -1.17673e+09
3231  -1.17672e+09
3232  -1.17671e+09
3233  -1.1767e+09
3234  -1.17669e+09
3235  -1.17668e+09
3236  -1.17667e+09
3237  -1.17666e+09
3238  -1.17665e+09
3239  -1.17664e+09
3240  -1.17662e+09
3241  -1.17661e+09
3242  -1.1766e+09
3243  -1.17659e+09
3244  -1.17658e+09
3245  -1.17657e+09
3246  -1.17656e+09
3247  -1.17655e+09
3248  -1.17654e+09
3249  -1.17653e+09
3250  -1.17652e+09
3251  -1.17651e+09
3252  -1.1765e+09
3253  -1.17649e+09
3254  -1.17648e+09
3255  -1.17647e+09
3256  -1.17646e+09
3257  -1.17645e+09
3258  -1.17644e+09
3259  -1.17643e+09
3260  -1.17642e+09
3261  -1.17641e+09
3262  -1.1764e+09
3263  -1.17639e+09
3264  -1.17638e+09
3265  -1.17637e+09
3266  -1.17636e+09
3267  -1.17635e+09
3268  -1.17634e+09
3269  -1.17633e+09
3270  -1.17632e+09
3271  -1.17631e+09
3272  -1.1763e+09
3273  -1.17629e+09
3274  -1.17628e+09
3275  -1.17627e+09
3276  -1.17626e+09
3277  -1.17625e+09
3278  -1.17624e+09
3279  -1.17623e+09
3280  -1.17622e+09
3281  -1.17621e+09
3282  -1.1762e+09
3283  -1.17619e+09
3284  -1.17618e+09
3285  -1.17616e+09
3286  -1.17615e+09
3287  -1.17614e+09
3288  -1.17613e+09
3289  -1.17612e+09
3290  -1.17611e+09
3291  -1.1761e+09
3292  -1.17609e+09
3293  -1.17608e+09
3294  -1.17607e+09
3295  -1.17606e+09
3296  -1.17605e+09
3297  -1.17604e+09
3298  -1.17603e+09
3299  -1.17602e+09
3300  -1.17601e+09
3301  -1.176e+09
3302  -1.17599e+09
3303  -1.17598e+09
3304  -1.17597e+09
3305  -1.17596e+09
3306  -1.17595e+09
3307  -1.17594e+09
3308  -1.17593e+09
3309  -1.17592e+09
3310  -1.17591e+09
3311  -1.1759e+09
3312  -1.17589e+09
3313  -1.17588e+09
3314  -1.17587e+09
3315  -1.17586e+09
3316  -1.17585e+09
3317  -1.17584e+09
3318  -1.17583e+09
3319  -1.17582e+09
3320  -1.17581e+09
3321  -1.1758e+09
3322  -1.17579e+09
3323  -1.17578e+09
3324  -1.17577e+09
3325  -1.17576e+09
3326  -1.17575e+09
3327  -1.17574e+09
3328  -1.17573e+09
3329  -1.17572e+09
3330  -1.17571e+09
3331  -1.1757e+09
3332  -1.17569e+09
3333  -1.17568e+09
3334  -1.17567e+09
3335  -1.17566e+09
3336  -1.17565e+09
3337  -1.17564e+09
3338  -1.17563e+09
3339  -1.17562e+09
3340  -1.17561e+09
3341  -1.1756e+09
3342  -1.17559e+09
3343  -1.17558e+09
3344  -1.17557e+09
3345  -1.17556e+09
3346  -1.17555e+09
3347  -1.17554e+09
3348  -1.17553e+09
3349  -1.17552e+09
3350  -1.17551e+09
3351  -1.1755e+09
3352  -1.17549e+09
3353  -1.17548e+09
3354  -1.17548e+09
3355  -1.17547e+09
3356  -1.17546e+09
3357  -1.17545e+09
3358  -1.17544e+09
3359  -1.17543e+09
3360  -1.17542e+09
3361  -1.17541e+09
3362  -1.1754e+09
3363  -1.17539e+09
3364  -1.17538e+09
3365  -1.17537e+09
3366  -1.17536e+09
3367  -1.17535e+09
3368  -1.17534e+09
3369  -1.17533e+09
3370  -1.17532e+09
3371  -1.17531e+09
3372  -1.1753e+09
3373  -1.17529e+09
3374  -1.17528e+09
3375  -1.17527e+09
3376  -1.17526e+09
3377  -1.17525e+09
3378  -1.17524e+09
3379  -1.17523e+09
3380  -1.17522e+09
3381  -1.17521e+09
3382  -1.1752e+09
3383  -1.17519e+09
3384  -1.17518e+09
3385  -1.17517e+09
3386  -1.17516e+09
3387  -1.17515e+09
3388  -1.17514e+09
3389  -1.17513e+09
3390  -1.17512e+09
3391  -1.17511e+09
3392  -1.1751e+09
3393  -1.17509e+09
3394  -1.17508e+09
3395  -1.17507e+09
3396  -1.17506e+09
3397  -1.17505e+09
3398  -1.17504e+09
3399  -1.17503e+09
3400  -1.17503e+09
3401  -1.17502e+09
3402  -1.17501e+09
3403  -1.175e+09
3404  -1.17499e+09
3405  -1.17498e+09
3406  -1.17497e+09
3407  -1.17496e+09
3408  -1.17495e+09
3409  -1.17494e+09
3410  -1.17493e+09
3411  -1.17492e+09
3412  -1.17491e+09
3413  -1.1749e+09
3414  -1.17489e+09
3415  -1.17488e+09
3416  -1.17487e+09
3417  -1.17486e+09
3418  -1.17485e+09
3419  -1.17484e+09
3420  -1.17483e+09
3421  -1.17482e+09
3422  -1.17481e+09
3423  -1.1748e+09
3424  -1.17479e+09
3425  -1.17478e+09
3426  -1.17477e+09
3427  -1.17476e+09
3428  -1.17476e+09
3429  -1.17475e+09
3430  -1.17474e+09
3431  -1.17473e+09
3432  -1.17472e+09
3433  -1.17471e+09
3434  -1.1747e+09
3435  -1.17469e+09
3436  -1.17468e+09
3437  -1.17467e+09
3438  -1.17466e+09
3439  -1.17465e+09
3440  -1.17464e+09
3441  -1.17463e+09
3442  -1.17462e+09
3443  -1.17461e+09
3444  -1.1746e+09
3445  -1.17459e+09
3446  -1.17458e+09
3447  -1.17457e+09
3448  -1.17456e+09
3449  -1.17455e+09
3450  -1.17455e+09
3451  -1.17454e+09
3452  -1.17453e+09
3453  -1.17452e+09
3454  -1.17451e+09
3455  -1.1745e+09
3456  -1.17449e+09
3457  -1.17448e+09
3458  -1.17447e+09
3459  -1.17446e+09
3460  -1.17445e+09
3461  -1.17444e+09
3462  -1.17443e+09
3463  -1.17442e+09
3464  -1.17441e+09
3465  -1.1744e+09
3466  -1.17439e+09
3467  -1.17438e+09
3468  -1.17437e+09
3469  -1.17437e+09
3470  -1.17436e+09
3471  -1.17435e+09
3472  -1.17434e+09
3473  -1.17433e+09
3474  -1.17432e+09
3475  -1.17431e+09
3476  -1.1743e+09
3477  -1.17429e+09
3478  -1.17428e+09
3479  -1.17427e+09
3480  -1.17426e+09
3481  -1.17425e+09
3482  -1.17424e+09
3483  -1.17423e+09
3484  -1.17422e+09
3485  -1.17421e+09
3486  -1.17421e+09
3487  -1.1742e+09
3488  -1.17419e+09
3489  -1.17418e+09
3490  -1.17417e+09
3491  -1.17416e+09
3492  -1.17415e+09
3493  -1.17414e+09
3494  -1.17413e+09
3495  -1.17412e+09
3496  -1.17411e+09
3497  -1.1741e+09
3498  -1.17409e+09
3499  -1.17408e+09
3500  -1.17407e+09
3501  -1.17406e+09
3502  -1.17406e+09
3503  -1.17405e+09
3504  -1.17404e+09
3505  -1.17403e+09
3506  -1.17402e+09
3507  -1.17401e+09
3508  -1.174e+09
3509  -1.17399e+09
3510  -1.17398e+09
3511  -1.17397e+09
3512  -1.17396e+09
3513  -1.17395e+09
3514  -1.17394e+09
3515  -1.17393e+09
3516  -1.17393e+09
3517  -1.17392e+09
3518  -1.17391e+09
3519  -1.1739e+09
3520  -1.17389e+09
3521  -1.17388e+09
3522  -1.17387e+09
3523  -1.17386e+09
3524  -1.17385e+09
3525  -1.17384e+09
3526  -1.17383e+09
3527  -1.17382e+09
3528  -1.17381e+09
3529  -1.1738e+09
3530  -1.1738e+09
3531  -1.17379e+09
3532  -1.17378e+09
3533  -1.17377e+09
3534  -1.17376e+09
3535  -1.17375e+09
3536  -1.17374e+09
3537  -1.17373e+09
3538  -1.17372e+09
3539  -1.17371e+09
3540  -1.1737e+09
3541  -1.17369e+09
3542  -1.17369e+09
3543  -1.17368e+09
3544  -1.17367e+09
3545  -1.17366e+09
3546  -1.17365e+09
3547  -1.17364e+09
3548  -1.17363e+09
3549  -1.17362e+09
3550  -1.17361e+09
3551  -1.1736e+09
3552  -1.17359e+09
3553  -1.17358e+09
3554  -1.17358e+09
3555  -1.17357e+09
3556  -1.17356e+09
3557  -1.17355e+09
3558  -1.17354e+09
3559  -1.17353e+09
3560  -1.17352e+09
3561  -1.17351e+09
3562  -1.1735e+09
3563  -1.17349e+09
3564  -1.17348e+09
3565  -1.17347e+09
3566  -1.17347e+09
3567  -1.17346e+09
3568  -1.17345e+09
3569  -1.17344e+09
3570  -1.17343e+09
3571  -1.17342e+09
3572  -1.17341e+09
3573  -1.1734e+09
3574  -1.17339e+09
3575  -1.17338e+09
3576  -1.17337e+09
3577  -1.17337e+09
3578  -1.17336e+09
3579  -1.17335e+09
3580  -1.17334e+09
3581  -1.17333e+09
3582  -1.17332e+09
3583  -1.17331e+09
3584  -1.1733e+09
3585  -1.17329e+09
3586  -1.17328e+09
3587  -1.17327e+09
3588  -1.17327e+09
3589  -1.17326e+09
3590  -1.17325e+09
3591  -1.17324e+09
3592  -1.17323e+09
3593  -1.17322e+09
3594  -1.17321e+09
3595  -1.1732e+09
3596  -1.17319e+09
3597  -1.17318e+09
3598  -1.17318e+09
3599  -1.17317e+09
3600  -1.17316e+09
3601  -1.17315e+09
3602  -1.17314e+09
3603  -1.17313e+09
3604  -1.17312e+09
3605  -1.17311e+09
3606  -1.1731e+09
3607  -1.17309e+09
3608  -1.17309e+09
3609  -1.17308e+09
3610  -1.17307e+09
3611  -1.17306e+09
3612  -1.17305e+09
3613  -1.17304e+09
3614  -1.17303e+09
3615  -1.17302e+09
3616  -1.17301e+09
3617  -1.17301e+09
3618  -1.173e+09
3619  -1.17299e+09
3620  -1.17298e+09
3621  -1.17297e+09
3622  -1.17296e+09
3623  -1.17295e+09
3624  -1.17294e+09
3625  -1.17293e+09
3626  -1.17292e+09
3627  -1.17292e+09
3628  -1.17291e+09
3629  -1.1729e+09
3630  -1.17289e+09
3631  -1.17288e+09
3632  -1.17287e+09
3633  -1.17286e+09
3634  -1.17285e+09
3635  -1.17284e+09
3636  -1.17284e+09
3637  -1.17283e+09
3638  -1.17282e+09
3639  -1.17281e+09
3640  -1.1728e+09
3641  -1.17279e+09
3642  -1.17278e+09
3643  -1.17277e+09
3644  -1.17277e+09
3645  -1.17276e+09
3646  -1.17275e+09
3647  -1.17274e+09
3648  -1.17273e+09
3649  -1.17272e+09
3650  -1.17271e+09
3651  -1.1727e+09
3652  -1.17269e+09
3653  -1.17269e+09
3654  -1.17268e+09
3655  -1.17267e+09
3656  -1.17266e+09
3657  -1.17265e+09
3658  -1.17264e+09
3659  -1.17263e+09
3660  -1.17262e+09
3661  -1.17262e+09
3662  -1.17261e+09
3663  -1.1726e+09
3664  -1.17259e+09
3665  -1.17258e+09
3666  -1.17257e+09
3667  -1.17256e+09
3668  -1.17255e+09
3669  -1.17254e+09
3670  -1.17254e+09
3671  -1.17253e+09
3672  -1.17252e+09
3673  -1.17251e+09
3674  -1.1725e+09
3675  -1.17249e+09
3676  -1.17248e+09
3677  -1.17247e+09
3678  -1.17247e+09
3679  -1.17246e+09
3680  -1.17245e+09
3681  -1.17244e+09
3682  -1.17243e+09
3683  -1.17242e+09
3684  -1.17241e+09
3685  -1.1724e+09
3686  -1.1724e+09
3687  -1.17239e+09
3688  -1.17238e+09
3689  -1.17237e+09
3690  -1.17236e+09
3691  -1.17235e+09
3692  -1.17234e+09
3693  -1.17234e+09
3694  -1.17233e+09
3695  -1.17232e+09
3696  -1.17231e+09
3697  -1.1723e+09
3698  -1.17229e+09
3699  -1.17228e+09
3700  -1.17227e+09
3701  -1.17227e+09
3702  -1.17226e+09
3703  -1.17225e+09
3704  -1.17224e+09
3705  -1.17223e+09
3706  -1.17222e+09
3707  -1.17221e+09
3708  -1.17221e+09
3709  -1.1722e+09
3710  -1.17219e+09
3711  -1.17218e+09
3712  -1.17217e+09
3713  -1.17216e+09
3714  -1.17215e+09
3715  -1.17214e+09
3716  -1.17214e+09
3717  -1.17213e+09
3718  -1.17212e+09
3719  -1.17211e+09
3720  -1.1721e+09
3721  -1.17209e+09
3722  -1.17208e+09
3723  -1.17208e+09
3724  -1.17207e+09
3725  -1.17206e+09
3726  -1.17205e+09
3727  -1.17204e+09
3728  -1.17203e+09
3729  -1.17202e+09
3730  -1.17202e+09
3731  -1.17201e+09
3732  -1.172e+09
3733  -1.17199e+09
3734  -1.17198e+09
3735  -1.17197e+09
3736  -1.17196e+09
3737  -1.17196e+09
3738  -1.17195e+09
3739  -1.17194e+09
3740  -1.17193e+09
3741  -1.17192e+09
3742  -1.17191e+09
3743  -1.1719e+09
3744  -1.1719e+09
3745  -1.17189e+09
3746  -1.17188e+09
3747  -1.17187e+09
3748  -1.17186e+09
3749  -1.17185e+09
3750  -1.17184e+09
3751  -1.17184e+09
3752  -1.17183e+09
3753  -1.17182e+09
3754  -1.17181e+09
3755  -1.1718e+09
3756  -1.17179e+09
3757  -1.17179e+09
3758  -1.17178e+09
3759  -1.17177e+09
3760  -1.17176e+09
3761  -1.17175e+09
3762  -1.17174e+09
3763  -1.17173e+09
3764  -1.17173e+09
3765  -1.17172e+09
3766  -1.17171e+09
3767  -1.1717e+09
3768  -1.17169e+09
3769  -1.17168e+09
3770  -1.17167e+09
3771  -1.17167e+09
3772  -1.17166e+09
3773  -1.17165e+09
3774  -1.17164e+09
3775  -1.17163e+09
3776  -1.17162e+09
3777  -1.17162e+09
3778  -1.17161e+09
3779  -1.1716e+09
3780  -1.17159e+09
3781  -1.17158e+09
3782  -1.17157e+09
3783  -1.17157e+09
3784  -1.17156e+09
3785  -1.17155e+09
3786  -1.17154e+09
3787  -1.17153e+09
3788  -1.17152e+09
3789  -1.17151e+09
3790  -1.17151e+09
3791  -1.1715e+09
3792  -1.17149e+09
3793  -1.17148e+09
3794  -1.17147e+09
3795  -1.17146e+09
3796  -1.17146e+09
3797  -1.17145e+09
3798  -1.17144e+09
3799  -1.17143e+09
3800  -1.17142e+09
3801  -1.17141e+09
3802  -1.17141e+09
3803  -1.1714e+09
3804  -1.17139e+09
3805  -1.17138e+09
3806  -1.17137e+09
3807  -1.17136e+09
3808  -1.17136e+09
3809  -1.17135e+09
3810  -1.17134e+09
3811  -1.17133e+09
3812  -1.17132e+09
3813  -1.17131e+09
3814  -1.17131e+09
3815  -1.1713e+09
3816  -1.17129e+09
3817  -1.17128e+09
3818  -1.17127e+09
3819  -1.17126e+09
3820  -1.17126e+09
3821  -1.17125e+09
3822  -1.17124e+09
3823  -1.17123e+09
3824  -1.17122e+09
3825  -1.17121e+09
3826  -1.17121e+09
3827  -1.1712e+09
3828  -1.17119e+09
3829  -1.17118e+09
3830  -1.17117e+09
3831  -1.17116e+09
3832  -1.17116e+09
3833  -1.17115e+09
3834  -1.17114e+09
3835  -1.17113e+09
3836  -1.17112e+09
3837  -1.17111e+09
3838  -1.17111e+09
3839  -1.1711e+09
3840  -1.17109e+09
3841  -1.17108e+09
3842  -1.17107e+09
3843  -1.17107e+09
3844  -1.17106e+09
3845  -1.17105e+09
3846  -1.17104e+09
3847  -1.17103e+09
3848  -1.17102e+09
3849  -1.17102e+09
3850  -1.17101e+09
3851  -1.171e+09
3852  -1.17099e+09
3853  -1.17098e+09
3854  -1.17097e+09
3855  -1.17097e+09
3856  -1.17096e+09
3857  -1.17095e+09
3858  -1.17094e+09
3859  -1.17093e+09
3860  -1.17093e+09
3861  -1.17092e+09
3862  -1.17091e+09
3863  -1.1709e+09
3864  -1.17089e+09
3865  -1.17088e+09
3866  -1.17088e+09
3867  -1.17087e+09
3868  -1.17086e+09
3869  -1.17085e+09
3870  -1.17084e+09
3871  -1.17084e+09
3872  -1.17083e+09
3873  -1.17082e+09
3874  -1.17081e+09
3875  -1.1708e+09
3876  -1.17079e+09
3877  -1.17079e+09
3878  -1.17078e+09
3879  -1.17077e+09
3880  -1.17076e+09
3881  -1.17075e+09
3882  -1.17075e+09
3883  -1.17074e+09
3884  -1.17073e+09
3885  -1.17072e+09
3886  -1.17071e+09
3887  -1.17071e+09
3888  -1.1707e+09
3889  -1.17069e+09
3890  -1.17068e+09
3891  -1.17067e+09
3892  -1.17066e+09
3893  -1.17066e+09
3894  -1.17065e+09
3895  -1.17064e+09
3896  -1.17063e+09
3897  -1.17062e+09
3898  -1.17062e+09
3899  -1.17061e+09
3900  -1.1706e+09
3901  -1.17059e+09
3902  -1.17058e+09
3903  -1.17058e+09
3904  -1.17057e+09
3905  -1.17056e+09
3906  -1.17055e+09
3907  -1.17054e+09
3908  -1.17054e+09
3909  -1.17053e+09
3910  -1.17052e+09
3911  -1.17051e+09
3912  -1.1705e+09
3913  -1.1705e+09
3914  -1.17049e+09
3915  -1.17048e+09
3916  -1.17047e+09
3917  -1.17046e+09
3918  -1.17046e+09
3919  -1.17045e+09
3920  -1.17044e+09
3921  -1.17043e+09
3922  -1.17042e+09
3923  -1.17042e+09
3924  -1.17041e+09
3925  -1.1704e+09
3926  -1.17039e+09
3927  -1.17038e+09
3928  -1.17037e+09
3929  -1.17037e+09
3930  -1.17036e+09
3931  -1.17035e+09
3932  -1.17034e+09
3933  -1.17033e+09
3934  -1.17033e+09
3935  -1.17032e+09
3936  -1.17031e+09
3937  -1.1703e+09
3938  -1.1703e+09
3939  -1.17029e+09
3940  -1.17028e+09
3941  -1.17027e+09
3942  -1.17026e+09
3943  -1.17026e+09
3944  -1.17025e+09
3945  -1.17024e+09
3946  -1.17023e+09
3947  -1.17022e+09
3948  -1.17022e+09
3949  -1.17021e+09
3950  -1.1702e+09
3951  -1.17019e+09
3952  -1.17018e+09
3953  -1.17018e+09
3954  -1.17017e+09
3955  -1.17016e+09
3956  -1.17015e+09
3957  -1.17014e+09
3958  -1.17014e+09
3959  -1.17013e+09
3960  -1.17012e+09
3961  -1.17011e+09
3962  -1.1701e+09
3963  -1.1701e+09
3964  -1.17009e+09
3965  -1.17008e+09
3966  -1.17007e+09
3967  -1.17006e+09
3968  -1.17006e+09
3969  -1.17005e+09
3970  -1.17004e+09
3971  -1.17003e+09
3972  -1.17003e+09
3973  -1.17002e+09
3974  -1.17001e+09
3975  -1.17e+09
3976  -1.16999e+09
3977  -1.16999e+09
3978  -1.16998e+09
3979  -1.16997e+09
3980  -1.16996e+09
3981  -1.16995e+09
3982  -1.16995e+09
3983  -1.16994e+09
3984  -1.16993e+09
3985  -1.16992e+09
3986  -1.16992e+09
3987  -1.16991e+09
3988  -1.1699e+09
3989  -1.16989e+09
3990  -1.16988e+09
3991  -1.16988e+09
3992  -1.16987e+09
3993  -1.16986e+09
3994  -1.16985e+09
3995  -1.16984e+09
3996  -1.16984e+09
3997  -1.16983e+09
3998  -1.16982e+09
3999  -1.16981e+09
4000  -1.16981e+09
4001  -1.1698e+09
4002  -1.16979e+09
4003  -1.16978e+09
4004  -1.16977e+09
4005  -1.16977e+09
4006  -1.16976e+09
4007  -1.16975e+09
4008  -1.16974e+09
4009  -1.16974e+09
4010  -1.16973e+09
4011  -1.16972e+09
4012  -1.16971e+09
4013  -1.1697e+09
4014  -1.1697e+09
4015  -1.16969e+09
4016  -1.16968e+09
4017  -1.16967e+09
4018  -1.16967e+09
4019  -1.16966e+09
4020  -1.16965e+09
4021  -1.16964e+09
4022  -1.16963e+09
4023  -1.16963e+09
4024  -1.16962e+09
4025  -1.16961e+09
4026  -1.1696e+09
4027  -1.1696e+09
4028  -1.16959e+09
4029  -1.16958e+09
4030  -1.16957e+09
4031  -1.16957e+09
4032  -1.16956e+09
4033  -1.16955e+09
4034  -1.16954e+09
4035  -1.16953e+09
4036  -1.16953e+09
4037  -1.16952e+09
4038  -1.16951e+09
4039  -1.1695e+09
4040  -1.1695e+09
4041  -1.16949e+09
4042  -1.16948e+09
4043  -1.16947e+09
4044  -1.16947e+09
4045  -1.16946e+09
4046  -1.16945e+09
4047  -1.16944e+09
4048  -1.16943e+09
4049  -1.16943e+09
4050  -1.16942e+09
4051  -1.16941e+09
4052  -1.1694e+09
4053  -1.1694e+09
4054  -1.16939e+09
4055  -1.16938e+09
4056  -1.16937e+09
4057  -1.16937e+09
4058  -1.16936e+09
4059  -1.16935e+09
4060  -1.16934e+09
4061  -1.16933e+09
4062  -1.16933e+09
4063  -1.16932e+09
4064  -1.16931e+09
4065  -1.1693e+09
4066  -1.1693e+09
4067  -1.16929e+09
4068  -1.16928e+09
4069  -1.16927e+09
4070  -1.16927e+09
4071  -1.16926e+09
4072  -1.16925e+09
4073  -1.16924e+09
4074  -1.16924e+09
4075  -1.16923e+09
4076  -1.16922e+09
4077  -1.16921e+09
4078  -1.16921e+09
4079  -1.1692e+09
4080  -1.16919e+09
4081  -1.16918e+09
4082  -1.16917e+09
4083  -1.16917e+09
4084  -1.16916e+09
4085  -1.16915e+09
4086  -1.16914e+09
4087  -1.16914e+09
4088  -1.16913e+09
4089  -1.16912e+09
4090  -1.16911e+09
4091  -1.16911e+09
4092  -1.1691e+09
4093  -1.16909e+09
4094  -1.16908e+09
4095  -1.16908e+09
4096  -1.16907e+09
4097  -1.16906e+09
4098  -1.16905e+09
4099  -1.16905e+09
4100  -1.16904e+09
4101  -1.16903e+09
4102  -1.16902e+09
4103  -1.16902e+09
4104  -1.16901e+09
4105  -1.169e+09
4106  -1.16899e+09
4107  -1.16899e+09
4108  -1.16898e+09
4109  -1.16897e+09
4110  -1.16896e+09
4111  -1.16896e+09
4112  -1.16895e+09
4113  -1.16894e+09
4114  -1.16893e+09
4115  -1.16893e+09
4116  -1.16892e+09
4117  -1.16891e+09
4118  -1.1689e+09
4119  -1.1689e+09
4120  -1.16889e+09
4121  -1.16888e+09
4122  -1.16887e+09
4123  -1.16887e+09
4124  -1.16886e+09
4125  -1.16885e+09
4126  -1.16884e+09
4127  -1.16884e+09
4128  -1.16883e+09
4129  -1.16882e+09
4130  -1.16881e+09
4131  -1.16881e+09
4132  -1.1688e+09
4133  -1.16879e+09
4134  -1.16878e+09
4135  -1.16878e+09
4136  -1.16877e+09
4137  -1.16876e+09
4138  -1.16875e+09
4139  -1.16875e+09
4140  -1.16874e+09
4141  -1.16873e+09
4142  -1.16872e+09
4143  -1.16872e+09
4144  -1.16871e+09
4145  -1.1687e+09
4146  -1.16869e+09
4147  -1.16869e+09
4148  -1.16868e+09
4149  -1.16867e+09
4150  -1.16866e+09
4151  -1.16866e+09
4152  -1.16865e+09
4153  -1.16864e+09
4154  -1.16863e+09
4155  -1.16863e+09
4156  -1.16862e+09
4157  -1.16861e+09
4158  -1.16861e+09
4159  -1.1686e+09
4160  -1.16859e+09
4161  -1.16858e+09
4162  -1.16858e+09
4163  -1.16857e+09
4164  -1.16856e+09
4165  -1.16855e+09
4166  -1.16855e+09
4167  -1.16854e+09
4168  -1.16853e+09
4169  -1.16852e+09
4170  -1.16852e+09
4171  -1.16851e+09
4172  -1.1685e+09
4173  -1.16849e+09
4174  -1.16849e+09
4175  -1.16848e+09
4176  -1.16847e+09
4177  -1.16846e+09
4178  -1.16846e+09
4179  -1.16845e+09
4180  -1.16844e+09
4181  -1.16844e+09
4182  -1.16843e+09
4183  -1.16842e+09
4184  -1.16841e+09
4185  -1.16841e+09
4186  -1.1684e+09
4187  -1.16839e+09
4188  -1.16838e+09
4189  -1.16838e+09
4190  -1.16837e+09
4191  -1.16836e+09
4192  -1.16835e+09
4193  -1.16835e+09
4194  -1.16834e+09
4195  -1.16833e+09
4196  -1.16833e+09
4197  -1.16832e+09
4198  -1.16831e+09
4199  -1.1683e+09
4200  -1.1683e+09
4201  -1.16829e+09
4202  -1.16828e+09
4203  -1.16827e+09
4204  -1.16827e+09
4205  -1.16826e+09
4206  -1.16825e+09
4207  -1.16825e+09
4208  -1.16824e+09
4209  -1.16823e+09
4210  -1.16822e+09
4211  -1.16822e+09
4212  -1.16821e+09
4213  -1.1682e+09
4214  -1.16819e+09
4215  -1.16819e+09
4216  -1.16818e+09
4217  -1.16817e+09
4218  -1.16817e+09
4219  -1.16816e+09
4220  -1.16815e+09
4221  -1.16814e+09
4222  -1.16814e+09
4223  -1.16813e+09
4224  -1.16812e+09
4225  -1.16811e+09
4226  -1.16811e+09
4227  -1.1681e+09
4228  -1.16809e+09
4229  -1.16809e+09
4230  -1.16808e+09
4231  -1.16807e+09
4232  -1.16806e+09
4233  -1.16806e+09
4234  -1.16805e+09
4235  -1.16804e+09
4236  -1.16804e+09
4237  -1.16803e+09
4238  -1.16802e+09
4239  -1.16801e+09
4240  -1.16801e+09
4241  -1.168e+09
4242  -1.16799e+09
4243  -1.16798e+09
4244  -1.16798e+09
4245  -1.16797e+09
4246  -1.16796e+09
4247  -1.16796e+09
4248  -1.16795e+09
4249  -1.16794e+09
4250  -1.16793e+09
4251  -1.16793e+09
4252  -1.16792e+09
4253  -1.16791e+09
4254  -1.16791e+09
4255  -1.1679e+09
4256  -1.16789e+09
4257  -1.16788e+09
4258  -1.16788e+09
4259  -1.16787e+09
4260  -1.16786e+09
4261  -1.16786e+09
4262  -1.16785e+09
4263  -1.16784e+09
4264  -1.16783e+09
4265  -1.16783e+09
4266  -1.16782e+09
4267  -1.16781e+09
4268  -1.16781e+09
4269  -1.1678e+09
4270  -1.16779e+09
4271  -1.16778e+09
4272  -1.16778e+09
4273  -1.16777e+09
4274  -1.16776e+09
4275  -1.16776e+09
4276  -1.16775e+09
4277  -1.16774e+09
4278  -1.16773e+09
4279  -1.16773e+09
4280  -1.16772e+09
4281  -1.16771e+09
4282  -1.16771e+09
4283  -1.1677e+09
4284  -1.16769e+09
4285  -1.16768e+09
4286  -1.16768e+09
4287  -1.16767e+09
4288  -1.16766e+09
4289  -1.16766e+09
4290  -1.16765e+09
4291  -1.16764e+09
4292  -1.16764e+09
4293  -1.16763e+09
4294  -1.16762e+09
4295  -1.16761e+09
4296  -1.16761e+09
4297  -1.1676e+09
4298  -1.16759e+09
4299  -1.16759e+09
4300  -1.16758e+09
4301  -1.16757e+09
4302  -1.16756e+09
4303  -1.16756e+09
4304  -1.16755e+09
4305  -1.16754e+09
4306  -1.16754e+09
4307  -1.16753e+09
4308  -1.16752e+09
4309  -1.16752e+09
4310  -1.16751e+09
4311  -1.1675e+09
4312  -1.16749e+09
4313  -1.16749e+09
4314  -1.16748e+09
4315  -1.16747e+09
4316  -1.16747e+09
4317  -1.16746e+09
4318  -1.16745e+09
4319  -1.16744e+09
4320  -1.16744e+09
4321  -1.16743e+09
4322  -1.16742e+09
4323  -1.16742e+09
4324  -1.16741e+09
4325  -1.1674e+09
4326  -1.1674e+09
4327  -1.16739e+09
4328  -1.16738e+09
4329  -1.16737e+09
4330  -1.16737e+09
4331  -1.16736e+09
4332  -1.16735e+09
4333  -1.16735e+09
4334  -1.16734e+09
4335  -1.16733e+09
4336  -1.16733e+09
4337  -1.16732e+09
4338  -1.16731e+09
4339  -1.16731e+09
4340  -1.1673e+09
4341  -1.16729e+09
4342  -1.16728e+09
4343  -1.16728e+09
4344  -1.16727e+09
4345  -1.16726e+09
4346  -1.16726e+09
4347  -1.16725e+09
4348  -1.16724e+09
4349  -1.16724e+09
4350  -1.16723e+09
4351  -1.16722e+09
4352  -1.16721e+09
4353  -1.16721e+09
4354  -1.1672e+09
4355  -1.16719e+09
4356  -1.16719e+09
4357  -1.16718e+09
4358  -1.16717e+09
4359  -1.16717e+09
4360  -1.16716e+09
4361  -1.16715e+09
4362  -1.16715e+09
4363  -1.16714e+09
4364  -1.16713e+09
4365  -1.16712e+09
4366  -1.16712e+09
4367  -1.16711e+09
4368  -1.1671e+09
4369  -1.1671e+09
4370  -1.16709e+09
4371  -1.16708e+09
4372  -1.16708e+09
4373  -1.16707e+09
4374  -1.16706e+09
4375  -1.16706e+09
4376  -1.16705e+09
4377  -1.16704e+09
4378  -1.16703e+09
4379  -1.16703e+09
4380  -1.16702e+09
4381  -1.16701e+09
4382  -1.16701e+09
4383  -1.167e+09
4384  -1.16699e+09
4385  -1.16699e+09
4386  -1.16698e+09
4387  -1.16697e+09
4388  -1.16697e+09
4389  -1.16696e+09
4390  -1.16695e+09
4391  -1.16695e+09
4392  -1.16694e+09
4393  -1.16693e+09
4394  -1.16693e+09
4395  -1.16692e+09
4396  -1.16691e+09
4397  -1.1669e+09
4398  -1.1669e+09
4399  -1.16689e+09
4400  -1.16688e+09
4401  -1.16688e+09
4402  -1.16687e+09
4403  -1.16686e+09
4404  -1.16686e+09
4405  -1.16685e+09
4406  -1.16684e+09
4407  -1.16684e+09
4408  -1.16683e+09
4409  -1.16682e+09
4410  -1.16682e+09
4411  -1.16681e+09
4412  -1.1668e+09
4413  -1.1668e+09
4414  -1.16679e+09
4415  -1.16678e+09
4416  -1.16677e+09
4417  -1.16677e+09
4418  -1.16676e+09
4419  -1.16675e+09
4420  -1.16675e+09
4421  -1.16674e+09
4422  -1.16673e+09
4423  -1.16673e+09
4424  -1.16672e+09
4425  -1.16671e+09
4426  -1.16671e+09
4427  -1.1667e+09
4428  -1.16669e+09
4429  -1.16669e+09
4430  -1.16668e+09
4431  -1.16667e+09
4432  -1.16667e+09
4433  -1.16666e+09
4434  -1.16665e+09
4435  -1.16665e+09
4436  -1.16664e+09
4437  -1.16663e+09
4438  -1.16663e+09
4439  -1.16662e+09
4440  -1.16661e+09
4441  -1.16661e+09
4442  -1.1666e+09
4443  -1.16659e+09
4444  -1.16659e+09
4445  -1.16658e+09
4446  -1.16657e+09
4447  -1.16657e+09
4448  -1.16656e+09
4449  -1.16655e+09
4450  -1.16654e+09
4451  -1.16654e+09
4452  -1.16653e+09
4453  -1.16652e+09
4454  -1.16652e+09
4455  -1.16651e+09
4456  -1.1665e+09
4457  -1.1665e+09
4458  -1.16649e+09
4459  -1.16648e+09
4460  -1.16648e+09
4461  -1.16647e+09
4462  -1.16646e+09
4463  -1.16646e+09
4464  -1.16645e+09
4465  -1.16644e+09
4466  -1.16644e+09
4467  -1.16643e+09
4468  -1.16642e+09
4469  -1.16642e+09
4470  -1.16641e+09
4471  -1.1664e+09
4472  -1.1664e+09
4473  -1.16639e+09
4474  -1.16638e+09
4475  -1.16638e+09
4476  -1.16637e+09
4477  -1.16636e+09
4478  -1.16636e+09
4479  -1.16635e+09
4480  -1.16634e+09
4481  -1.16634e+09
4482  -1.16633e+09
4483  -1.16632e+09
4484  -1.16632e+09
4485  -1.16631e+09
4486  -1.1663e+09
4487  -1.1663e+09
4488  -1.16629e+09
4489  -1.16628e+09
4490  -1.16628e+09
4491  -1.16627e+09
4492  -1.16626e+09
4493  -1.16626e+09
4494  -1.16625e+09
4495  -1.16624e+09
4496  -1.16624e+09
4497  -1.16623e+09
4498  -1.16622e+09
4499  -1.16622e+09
4500  -1.16621e+09
4501  -1.1662e+09
4502  -1.1662e+09
4503  -1.16619e+09
4504  -1.16618e+09
4505  -1.16618e+09
4506  -1.16617e+09
4507  -1.16617e+09
4508  -1.16616e+09
4509  -1.16615e+09
4510  -1.16615e+09
4511  -1.16614e+09
4512  -1.16613e+09
4513  -1.16613e+09
4514  -1.16612e+09
4515  -1.16611e+09
4516  -1.16611e+09
4517  -1.1661e+09
4518  -1.16609e+09
4519  -1.16609e+09
4520  -1.16608e+09
4521  -1.16607e+09
4522  -1.16607e+09
4523  -1.16606e+09
4524  -1.16605e+09
4525  -1.16605e+09
4526  -1.16604e+09
4527  -1.16603e+09
4528  -1.16603e+09
4529  -1.16602e+09
4530  -1.16601e+09
4531  -1.16601e+09
4532  -1.166e+09
4533  -1.16599e+09
4534  -1.16599e+09
4535  -1.16598e+09
4536  -1.16597e+09
4537  -1.16597e+09
4538  -1.16596e+09
4539  -1.16595e+09
4540  -1.16595e+09
4541  -1.16594e+09
4542  -1.16594e+09
4543  -1.16593e+09
4544  -1.16592e+09
4545  -1.16592e+09
4546  -1.16591e+09
4547  -1.1659e+09
4548  -1.1659e+09
4549  -1.16589e+09
4550  -1.16588e+09
4551  -1.16588e+09
4552  -1.16587e+09
4553  -1.16586e+09
4554  -1.16586e+09
4555  -1.16585e+09
4556  -1.16584e+09
4557  -1.16584e+09
4558  -1.16583e+09
4559  -1.16582e+09
4560  -1.16582e+09
4561  -1.16581e+09
4562  -1.1658e+09
4563  -1.1658e+09
4564  -1.16579e+09
4565  -1.16579e+09
4566  -1.16578e+09
4567  -1.16577e+09
4568  -1.16577e+09
4569  -1.16576e+09
4570  -1.16575e+09
4571  -1.16575e+09
4572  -1.16574e+09
4573  -1.16573e+09
4574  -1.16573e+09
4575  -1.16572e+09
4576  -1.16571e+09
4577  -1.16571e+09
4578  -1.1657e+09
4579  -1.16569e+09
4580  -1.16569e+09
4581  -1.16568e+09
4582  -1.16568e+09
4583  -1.16567e+09
4584  -1.16566e+09
4585  -1.16566e+09
4586  -1.16565e+09
4587  -1.16564e+09
4588  -1.16564e+09
4589  -1.16563e+09
4590  -1.16562e+09
4591  -1.16562e+09
4592  -1.16561e+09
4593  -1.1656e+09
4594  -1.1656e+09
4595  -1.16559e+09
4596  -1.16559e+09
4597  -1.16558e+09
4598  -1.16557e+09
4599  -1.16557e+09
4600  -1.16556e+09
4601  -1.16555e+09
4602  -1.16555e+09
4603  -1.16554e+09
4604  -1.16553e+09
4605  -1.16553e+09
4606  -1.16552e+09
4607  -1.16551e+09
4608  -1.16551e+09
4609  -1.1655e+09
4610  -1.1655e+09
4611  -1.16549e+09
4612  -1.16548e+09
4613  -1.16548e+09
4614  -1.16547e+09
4615  -1.16546e+09
4616  -1.16546e+09
4617  -1.16545e+09
4618  -1.16544e+09
4619  -1.16544e+09
4620  -1.16543e+09
4621  -1.16543e+09
4622  -1.16542e+09
4623  -1.16541e+09
4624  -1.16541e+09
4625  -1.1654e+09
4626  -1.16539e+09
4627  -1.16539e+09
4628  -1.16538e+09
4629  -1.16537e+09
4630  -1.16537e+09
4631  -1.16536e+09
4632  -1.16536e+09
4633  -1.16535e+09
4634  -1.16534e+09
4635  -1.16534e+09
4636  -1.16533e+09
4637  -1.16532e+09
4638  -1.16532e+09
4639  -1.16531e+09
4640  -1.1653e+09
4641  -1.1653e+09
4642  -1.16529e+09
4643  -1.16529e+09
4644  -1.16528e+09
4645  -1.16527e+09
4646  -1.16527e+09
4647  -1.16526e+09
4648  -1.16525e+09
4649  -1.16525e+09
4650  -1.16524e+09
4651  -1.16523e+09
4652  -1.16523e+09
4653  -1.16522e+09
4654  -1.16522e+09
4655  -1.16521e+09
4656  -1.1652e+09
4657  -1.1652e+09
4658  -1.16519e+09
4659  -1.16518e+09
4660  -1.16518e+09
4661  -1.16517e+09
4662  -1.16517e+09
4663  -1.16516e+09
4664  -1.16515e+09
4665  -1.16515e+09
4666  -1.16514e+09
4667  -1.16513e+09
4668  -1.16513e+09
4669  -1.16512e+09
4670  -1.16512e+09
4671  -1.16511e+09
4672  -1.1651e+09
4673  -1.1651e+09
4674  -1.16509e+09
4675  -1.16508e+09
4676  -1.16508e+09
4677  -1.16507e+09
4678  -1.16507e+09
4679  -1.16506e+09
4680  -1.16505e+09
4681  -1.16505e+09
4682  -1.16504e+09
4683  -1.16503e+09
4684  -1.16503e+09
4685  -1.16502e+09
4686  -1.16502e+09
4687  -1.16501e+09
4688  -1.165e+09
4689  -1.165e+09
4690  -1.16499e+09
4691  -1.16498e+09
4692  -1.16498e+09
4693  -1.16497e+09
4694  -1.16497e+09
4695  -1.16496e+09
4696  -1.16495e+09
4697  -1.16495e+09
4698  -1.16494e+09
4699  -1.16493e+09
4700  -1.16493e+09
4701  -1.16492e+09
4702  -1.16492e+09
4703  -1.16491e+09
4704  -1.1649e+09
4705  -1.1649e+09
4706  -1.16489e+09
4707  -1.16488e+09
4708  -1.16488e+09
4709  -1.16487e+09
4710  -1.16487e+09
4711  -1.16486e+09
4712  -1.16485e+09
4713  -1.16485e+09
4714  -1.16484e+09
4715  -1.16483e+09
4716  -1.16483e+09
4717  -1.16482e+09
4718  -1.16482e+09
4719  -1.16481e+09
4720  -1.1648e+09
4721  -1.1648e+09
4722  -1.16479e+09
4723  -1.16479e+09
4724  -1.16478e+09
4725  -1.16477e+09
4726  -1.16477e+09
4727  -1.16476e+09
4728  -1.16475e+09
4729  -1.16475e+09
4730  -1.16474e+09
4731  -1.16474e+09
4732  -1.16473e+09
4733  -1.16472e+09
4734  -1.16472e+09
4735  -1.16471e+09
4736  -1.16471e+09
4737  -1.1647e+09
4738  -1.16469e+09
4739  -1.16469e+09
4740  -1.16468e+09
4741  -1.16467e+09
4742  -1.16467e+09
4743  -1.16466e+09
4744  -1.16466e+09
4745  -1.16465e+09
4746  -1.16464e+09
4747  -1.16464e+09
4748  -1.16463e+09
4749  -1.16463e+09
4750  -1.16462e+09
4751  -1.16461e+09
4752  -1.16461e+09
4753  -1.1646e+09
4754  -1.16459e+09
4755  -1.16459e+09
4756  -1.16458e+09
4757  -1.16458e+09
4758  -1.16457e+09
4759  -1.16456e+09
4760  -1.16456e+09
4761  -1.16455e+09
4762  -1.16455e+09
4763  -1.16454e+09
4764  -1.16453e+09
4765  -1.16453e+09
4766  -1.16452e+09
4767  -1.16452e+09
4768  -1.16451e+09
4769  -1.1645e+09
4770  -1.1645e+09
4771  -1.16449e+09
4772  -1.16448e+09
4773  -1.16448e+09
4774  -1.16447e+09
4775  -1.16447e+09
4776  -1.16446e+09
4777  -1.16445e+09
4778  -1.16445e+09
4779  -1.16444e+09
4780  -1.16444e+09
4781  -1.16443e+09
4782  -1.16442e+09
4783  -1.16442e+09
4784  -1.16441e+09
4785  -1.16441e+09
4786  -1.1644e+09
4787  -1.16439e+09
4788  -1.16439e+09
4789  -1.16438e+09
4790  -1.16438e+09
4791  -1.16437e+09
4792  -1.16436e+09
4793  -1.16436e+09
4794  -1.16435e+09
4795  -1.16435e+09
4796  -1.16434e+09
4797  -1.16433e+09
4798  -1.16433e+09
4799  -1.16432e+09
4800  -1.16432e+09
4801  -1.16431e+09
4802  -1.1643e+09
4803  -1.1643e+09
4804  -1.16429e+09
4805  -1.16429e+09
4806  -1.16428e+09
4807  -1.16427e+09
4808  -1.16427e+09
4809  -1.16426e+09
4810  -1.16426e+09
4811  -1.16425e+09
4812  -1.16424e+09
4813  -1.16424e+09
4814  -1.16423e+09
4815  -1.16423e+09
4816  -1.16422e+09
4817  -1.16421e+09
4818  -1.16421e+09
4819  -1.1642e+09
4820  -1.1642e+09
4821  -1.16419e+09
4822  -1.16418e+09
4823  -1.16418e+09
4824  -1.16417e+09
4825  -1.16417e+09
4826  -1.16416e+09
4827  -1.16415e+09
4828  -1.16415e+09
4829  -1.16414e+09
4830  -1.16414e+09
4831  -1.16413e+09
4832  -1.16412e+09
4833  -1.16412e+09
4834  -1.16411e+09
4835  -1.16411e+09
4836  -1.1641e+09
4837  -1.16409e+09
4838  -1.16409e+09
4839  -1.16408e+09
4840  -1.16408e+09
4841  -1.16407e+09
4842  -1.16406e+09
4843  -1.16406e+09
4844  -1.16405e+09
4845  -1.16405e+09
4846  -1.16404e+09
4847  -1.16403e+09
4848  -1.16403e+09
4849  -1.16402e+09
4850  -1.16402e+09
4851  -1.16401e+09
4852  -1.164e+09
4853  -1.164e+09
4854  -1.16399e+09
4855  -1.16399e+09
4856  -1.16398e+09
4857  -1.16397e+09
4858  -1.16397e+09
4859  -1.16396e+09
4860  -1.16396e+09
4861  -1.16395e+09
4862  -1.16394e+09
4863  -1.16394e+09
4864  -1.16393e+09
4865  -1.16393e+09
4866  -1.16392e+09
4867  -1.16392e+09
4868  -1.16391e+09
4869  -1.1639e+09
4870  -1.1639e+09
4871  -1.16389e+09
4872  -1.16389e+09
4873  -1.16388e+09
4874  -1.16387e+09
4875  -1.16387e+09
4876  -1.16386e+09
4877  -1.16386e+09
4878  -1.16385e+09
4879  -1.16384e+09
4880  -1.16384e+09
4881  -1.16383e+09
4882  -1.16383e+09
4883  -1.16382e+09
4884  -1.16381e+09
4885  -1.16381e+09
4886  -1.1638e+09
4887  -1.1638e+09
4888  -1.16379e+09
4889  -1.16379e+09
4890  -1.16378e+09
4891  -1.16377e+09
4892  -1.16377e+09
4893  -1.16376e+09
4894  -1.16376e+09
4895  -1.16375e+09
4896  -1.16374e+09
4897  -1.16374e+09
4898  -1.16373e+09
4899  -1.16373e+09
4900  -1.16372e+09
4901  -1.16372e+09
4902  -1.16371e+09
4903  -1.1637e+09
4904  -1.1637e+09
4905  -1.16369e+09
4906  -1.16369e+09
4907  -1.16368e+09
4908  -1.16367e+09
4909  -1.16367e+09
4910  -1.16366e+09
4911  -1.16366e+09
4912  -1.16365e+09
4913  -1.16365e+09
4914  -1.16364e+09
4915  -1.16363e+09
4916  -1.16363e+09
4917  -1.16362e+09
4918  -1.16362e+09
4919  -1.16361e+09
4920  -1.1636e+09
4921  -1.1636e+09
4922  -1.16359e+09
4923  -1.16359e+09
4924  -1.16358e+09
4925  -1.16358e+09
4926  -1.16357e+09
4927  -1.16356e+09
4928  -1.16356e+09
4929  -1.16355e+09
4930  -1.16355e+09
4931  -1.16354e+09
4932  -1.16353e+09
4933  -1.16353e+09
4934  -1.16352e+09
4935  -1.16352e+09
4936  -1.16351e+09
4937  -1.16351e+09
4938  -1.1635e+09
4939  -1.16349e+09
4940  -1.16349e+09
4941  -1.16348e+09
4942  -1.16348e+09
4943  -1.16347e+09
4944  -1.16347e+09
4945  -1.16346e+09
4946  -1.16345e+09
4947  -1.16345e+09
4948  -1.16344e+09
4949  -1.16344e+09
4950  -1.16343e+09
4951  -1.16342e+09
4952  -1.16342e+09
4953  -1.16341e+09
4954  -1.16341e+09
4955  -1.1634e+09
4956  -1.1634e+09
4957  -1.16339e+09
4958  -1.16338e+09
4959  -1.16338e+09
4960  -1.16337e+09
4961  -1.16337e+09
4962  -1.16336e+09
4963  -1.16336e+09
4964  -1.16335e+09
4965  -1.16334e+09
4966  -1.16334e+09
4967  -1.16333e+09
4968  -1.16333e+09
4969  -1.16332e+09
4970  -1.16332e+09
4971  -1.16331e+09
4972  -1.1633e+09
4973  -1.1633e+09
4974  -1.16329e+09
4975  -1.16329e+09
4976  -1.16328e+09
4977  -1.16328e+09
4978  -1.16327e+09
4979  -1.16326e+09
4980  -1.16326e+09
4981  -1.16325e+09
4982  -1.16325e+09
4983  -1.16324e+09
4984  -1.16324e+09
4985  -1.16323e+09
4986  -1.16322e+09
4987  -1.16322e+09
4988  -1.16321e+09
4989  -1.16321e+09
4990  -1.1632e+09
4991  -1.1632e+09
4992  -1.16319e+09
4993  -1.16318e+09
4994  -1.16318e+09
4995  -1.16317e+09
4996  -1.16317e+09
4997  -1.16316e+09
4998  -1.16316e+09
4999  -1.16315e+09
