0.000000	0.000000	1.000000	0.000000	0.012928	0.012928
0.000000	0.000000	0.999995	0.003194	0.030878	0.030878
0.000000	0.000000	0.999980	0.006388	0.044367	0.044367
0.000000	0.000000	0.999954	0.009582	0.055949	0.055949
0.000000	0.000000	0.999918	0.012776	0.066364	0.066363
0.000000	0.000000	0.999872	0.015970	0.075956	0.075954
0.000000	0.000000	0.999816	0.019163	0.084923	0.084921
0.000000	0.000000	0.999750	0.022356	0.093392	0.093389
0.000000	0.000000	0.999674	0.025550	0.101450	0.101445
0.000000	0.000000	0.999587	0.028742	0.109159	0.109153
0.000000	0.000000	0.999490	0.031935	0.116567	0.116560
0.000000	0.000000	0.999383	0.035127	0.123712	0.123704
0.000000	0.000000	0.999266	0.038319	0.130624	0.130614
0.000000	0.000000	0.999138	0.041511	0.137325	0.137313
0.000000	0.000000	0.999000	0.044702	0.143837	0.143823
0.000000	0.000000	0.998853	0.047892	0.150176	0.150160
0.000000	0.000000	0.998694	0.051082	0.156357	0.156339
0.000000	0.000000	0.998526	0.054272	0.162392	0.162371
0.000000	0.000000	0.998348	0.057461	0.168291	0.168267
0.000000	0.000000	0.998159	0.060650	0.174064	0.174037
0.000000	0.000000	0.997960	0.063837	0.179719	0.179689
0.000000	0.000000	0.997751	0.067025	0.185263	0.185231
0.000000	0.000000	0.997532	0.070211	0.190704	0.190668
0.000000	0.000000	0.997303	0.073397	0.196046	0.196007
0.000000	0.000000	0.997063	0.076582	0.201296	0.201253
0.000000	0.000000	0.996814	0.079766	0.206457	0.206410
0.000000	0.000000	0.996554	0.082950	0.211535	0.211484
0.000000	0.000000	0.996284	0.086132	0.216533	0.216477
0.000000	0.000000	0.996004	0.089314	0.221455	0.221395
0.000000	0.000000	0.995713	0.092495	0.226305	0.226239
0.000000	0.000000	0.995413	0.095675	0.231084	0.231014
0.000000	0.000000	0.995102	0.098854	0.235797	0.235721
0.000000	0.000000	0.994781	0.102031	0.240446	0.240365
0.000000	0.000000	0.994450	0.105208	0.245033	0.244946
0.000000	0.000000	0.994109	0.108384	0.249561	0.249468
0.000000	0.000000	0.993758	0.111559	0.254032	0.253932
0.000000	0.000000	0.993396	0.114732	0.258447	0.258341
0.000000	0.000000	0.993025	0.117905	0.262809	0.262697
0.000000	0.000000	0.992643	0.121076	0.267120	0.267000
0.000000	0.000000	0.992251	0.124246	0.271380	0.271254
0.000000	0.000000	0.991850	0.127414	0.275592	0.275459
0.000000	0.000000	0.991438	0.130582	0.279758	0.279616
0.000000	0.000000	0.991015	0.133748	0.283878	0.283728
0.000000	0.000000	0.990583	0.136912	0.287954	0.287796
0.000000	0.000000	0.990141	0.140076	0.291986	0.291821
0.000000	0.000000	0.989688	0.143237	0.295978	0.295803
0.000000	0.000000	0.989226	0.146398	0.299928	0.299745
0.000000	0.000000	0.988753	0.149557	0.303839	0.303647
0.000000	0.000000	0.988270	0.152714	0.307712	0.307510
0.000000	0.000000	0.987778	0.155870	0.311547	0.311335
0.000000	0.000000	0.987275	0.159024	0.315345	0.315123
0.000000	0.000000	0.986762	0.162177	0.319108	0.318876
0.000000	0.000000	0.986239	0.165328	0.322836	0.322593
0.000000	0.000000	0.985706	0.168477	0.326530	0.326276
0.000000	0.000000	0.985162	0.171624	0.330190	0.329925
0.000000	0.000000	0.984609	0.174770	0.333818	0.333541
0.000000	0.000000	0.984046	0.177914	0.337414	0.337125
0.000000	0.000000	0.983473	0.181056	0.340979	0.340678
0.000000	0.000000	0.982889	0.184197	0.344513	0.344200
0.000000	0.000000	0.982296	0.187335	0.348018	0.347692
0.000000	0.000000	0.981693	0.190471	0.351493	0.351154
0.000000	0.000000	0.981079	0.193606	0.354940	0.354587
0.000000	0.000000	0.980456	0.196739	0.358358	0.357992
0.000000	0.000000	0.979823	0.199869	0.361749	0.361368
0.000000	0.000000	0.979179	0.202998	0.365113	0.364718
0.000000	0.000000	0.978526	0.206124	0.368450	0.368040
0.000000	0.000000	0.977862	0.209249	0.371762	0.371336
0.000000	0.000000	0.977189	0.212371	0.375047	0.374606
0.000000	0.000000	0.976506	0.215491	0.378308	0.377851
0.000000	0.000000	0.975813	0.218609	0.381544	0.381071
0.000000	0.000000	0.975109	0.221725	0.384755	0.384265
0.000000	0.000000	0.974396	0.224838	0.387943	0.387436
0.000000	0.000000	0.973673	0.227949	0.391107	0.390583
0.000000	0.000000	0.972940	0.231058	0.394248	0.393706
0.000000	0.000000	0.972197	0.234164	0.397366	0.396806
0.000000	0.000000	0.971444	0.237268	0.400462	0.399884
0.000000	0.000000	0.970681	0.240370	0.403537	0.402939
0.000000	0.000000	0.969909	0.243469	0.406589	0.405972
0.000000	0.000000	0.969126	0.246566	0.409620	0.408983
0.000000	0.000000	0.968334	0.249660	0.412630	0.411973
0.000000	0.000000	0.967531	0.252752	0.415620	0.414942
0.000000	0.000000	0.966719	0.255841	0.418589	0.417890
0.000000	0.000000	0.965897	0.258927	0.421538	0.420817
0.000000	0.000000	0.965065	0.262011	0.424467	0.423724
0.000000	0.000000	0.964223	0.265092	0.427376	0.426612
0.000000	0.000000	0.963371	0.268170	0.430267	0.429479
0.000000	0.000000	0.962510	0.271246	0.433138	0.432327
0.000000	0.000000	0.961639	0.274319	0.435991	0.435156
0.000000	0.000000	0.960758	0.277389	0.438825	0.437966
0.000000	0.000000	0.959867	0.280456	0.441641	0.440757
0.000000	0.000000	0.958966	0.283521	0.444439	0.443530
0.000000	0.000000	0.958056	0.286582	0.447220	0.446285
0.000000	0.000000	0.957135	0.289641	0.449983	0.449021
0.000000	0.000000	0.956205	0.292697	0.452728	0.451740
0.000000	0.000000	0.955266	0.295749	0.455457	0.454441
0.000000	0.000000	0.954316	0.298799	0.458168	0.457125
0.000000	0.000000	0.953357	0.301845	0.460863	0.459792
0.000000	0.000000	0.952388	0.304889	0.463542	0.462441
0.000000	0.000000	0.951409	0.307929	0.466204	0.465074
0.000000	0.000000	0.950421	0.310967	0.468850	0.467690
0.000000	0.000000	0.949423	0.314001	0.471481	0.470290
0.000000	0.000000	0.948415	0.317032	0.474095	0.472874
0.000000	0.000000	0.947398	0.320059	0.476695	0.475441
0.000000	0.000000	0.946370	0.323084	0.479279	0.477993
0.000000	0.000000	0.945334	0.326105	0.481847	0.480529
0.000000	0.000000	0.944287	0.329123	0.484401	0.483049
0.000000	0.000000	0.943231	0.332137	0.486940	0.485554
0.000000	0.000000	0.942166	0.335148	0.489465	0.488043
0.000000	0.000000	0.941090	0.338156	0.491975	0.490518
0.000000	0.000000	0.940005	0.341160	0.494470	0.492977
0.000000	0.000000	0.938911	0.344160	0.496952	0.495422
0.000000	0.000000	0.937807	0.347158	0.499420	0.497852
0.000000	0.000000	0.936693	0.350151	0.501873	0.500267
0.000000	0.000000	0.935570	0.353141	0.504313	0.502668
0.000000	0.000000	0.934437	0.356128	0.506740	0.505055
0.000000	0.000000	0.933295	0.359110	0.509153	0.507428
0.000000	0.000000	0.932143	0.362090	0.511552	0.509787
0.000000	0.000000	0.930982	0.365065	0.513939	0.512131
0.000000	0.000000	0.929811	0.368037	0.516313	0.514462
0.000000	0.000000	0.928631	0.371005	0.518673	0.516780
0.000000	0.000000	0.927441	0.373969	0.521021	0.519083
0.000000	0.000000	0.926242	0.376929	0.523357	0.521374
0.000000	0.000000	0.925033	0.379886	0.525680	0.523651
0.000000	0.000000	0.923815	0.382838	0.527990	0.525915
0.000000	0.000000	0.922588	0.385787	0.530288	0.528166
0.000000	0.000000	0.921351	0.388732	0.532575	0.530404
0.000000	0.000000	0.920105	0.391673	0.534849	0.532629
0.000000	0.000000	0.918849	0.394610	0.537111	0.534841
0.000000	0.000000	0.917584	0.397543	0.539362	0.537040
0.000000	0.000000	0.916309	0.400471	0.541601	0.539227
0.000000	0.000000	0.915025	0.403396	0.543828	0.541402
0.000000	0.000000	0.913732	0.406317	0.546044	0.543564
0.000000	0.000000	0.912430	0.409233	0.548249	0.545714
0.000000	0.000000	0.911118	0.412145	0.550442	0.547851
0.000000	0.000000	0.909797	0.415053	0.552625	0.549977
0.000000	0.000000	0.908467	0.417957	0.554796	0.552090
0.000000	0.000000	0.907127	0.420857	0.556956	0.554192
0.000000	0.000000	0.905778	0.423752	0.559106	0.556281
0.000000	0.000000	0.904420	0.426643	0.561245	0.558359
0.000000	0.000000	0.903053	0.429529	0.563374	0.560425
0.000000	0.000000	0.901676	0.432412	0.565492	0.562480
0.000000	0.000000	0.900291	0.435289	0.567599	0.564523
0.000000	0.000000	0.898896	0.438163	0.569697	0.566555
0.000000	0.000000	0.897492	0.441032	0.571784	0.568575
0.000000	0.000000	0.896078	0.443896	0.573861	0.570583
0.000000	0.000000	0.894656	0.446756	0.575928	0.572581
0.000000	0.000000	0.893224	0.449611	0.577986	0.574567
0.000000	0.000000	0.891784	0.452462	0.580033	0.576543
0.000000	0.000000	0.890334	0.455308	0.582071	0.578507
0.000000	0.000000	0.888875	0.458149	0.584099	0.580460
0.000000	0.000000	0.887407	0.460986	0.586118	0.582402
0.000000	0.000000	0.885930	0.463818	0.588127	0.584333
0.000000	0.000000	0.884444	0.466645	0.590127	0.586254
0.000000	0.000000	0.882950	0.469468	0.592118	0.588164
0.000000	0.000000	0.881446	0.472286	0.594099	0.590063
0.000000	0.000000	0.879933	0.475099	0.596072	0.591951
0.000000	0.000000	0.878411	0.477907	0.598036	0.593829
0.000000	0.000000	0.876880	0.480710	0.599991	0.595696
0.000000	0.000000	0.875340	0.483508	0.601937	0.597553
0.000000	0.000000	0.873791	0.486302	0.603874	0.599399
0.000000	0.000000	0.872233	0.489090	0.605803	0.601235
0.000000	0.000000	0.870667	0.491874	0.607723	0.603061
0.000000	0.000000	0.869091	0.494652	0.609635	0.604876
0.000000	0.000000	0.867507	0.497425	0.611539	0.606681
0.000000	0.000000	0.865913	0.500194	0.613434	0.608476
0.000000	0.000000	0.864311	0.502957	0.615322	0.610260
0.000000	0.000000	0.862701	0.505715	0.617201	0.612035
0.000000	0.000000	0.861081	0.508468	0.619073	0.613799
0.000000	0.000000	0.859452	0.511216	0.620937	0.615554
0.000000	0.000000	0.857815	0.513958	0.622793	0.617298
0.000000	0.000000	0.856169	0.516695	0.624641	0.619032
0.000000	0.000000	0.854515	0.519427	0.626482	0.620756
0.000000	0.000000	0.852851	0.522154	0.628315	0.622471
0.000000	0.000000	0.851179	0.524876	0.630142	0.624175
0.000000	0.000000	0.849498	0.527592	0.631961	0.625869
0.000000	0.000000	0.847809	0.530302	0.633773	0.627554
0.000000	0.000000	0.846111	0.533007	0.635578	0.629229
0.000000	0.000000	0.844404	0.535707	0.637376	0.630893
0.000000	0.000000	0.842688	0.538402	0.639167	0.632548
0.000000	0.000000	0.840964	0.541090	0.640952	0.634194
0.000000	0.000000	0.839232	0.543774	0.642730	0.635829
0.000000	0.000000	0.837491	0.546451	0.644502	0.637454
0.000000	0.000000	0.835741	0.549124	0.646267	0.639070
0.000000	0.000000	0.833983	0.551790	0.648027	0.640676
0.000000	0.000000	0.832216	0.554451	0.649780	0.642272
0.000000	0.000000	0.830441	0.557106	0.651528	0.643858
0.000000	0.000000	0.828657	0.559756	0.653270	0.645435
0.000000	0.000000	0.826865	0.562400	0.655006	0.647001
0.000000	0.000000	0.825065	0.565038	0.656737	0.648558
0.000000	0.000000	0.823256	0.567671	0.658462	0.650104
0.000000	0.000000	0.821438	0.570297	0.660183	0.651641
0.000000	0.000000	0.819613	0.572918	0.661898	0.653168
0.000000	0.000000	0.817779	0.575533	0.663609	0.654685
0.000000	0.000000	0.815936	0.578142	0.665315	0.656192
0.000000	0.000000	0.814085	0.580745	0.667017	0.657688
0.000000	0.000000	0.812226	0.583342	0.668714	0.659175
0.000000	0.000000	0.810359	0.585934	0.670408	0.660651
0.000000	0.000000	0.808483	0.588519	0.672098	0.662117
0.000000	0.000000	0.806599	0.591098	0.673784	0.663572
0.000000	0.000000	0.804707	0.593672	0.675467	0.665017
0.000000	0.000000	0.802807	0.596239	0.677147	0.666451
0.000000	0.000000	0.800899	0.598800	0.678825	0.667875
0.000000	0.000000	0.798982	0.601355	0.680500	0.669287
0.000000	0.000000	0.797057	0.603904	0.682172	0.670689
0.000000	0.000000	0.795124	0.606447	0.683844	0.672079
0.000000	0.000000	0.793183	0.608983	0.685513	0.673457
0.000000	0.000000	0.791234	0.611514	0.687182	0.674824
0.000000	0.000000	0.789277	0.614038	0.688850	0.676179
0.000000	0.000000	0.787311	0.616556	0.690518	0.677521
0.000000	0.000000	0.785338	0.619067	0.692187	0.678851
0.000000	0.000000	0.783357	0.621572	0.693856	0.680168
0.000000	0.000000	0.781367	0.624071	0.695527	0.681471
0.000000	0.000000	0.779370	0.626564	0.697201	0.682761
0.000000	0.000000	0.777365	0.629050	0.698877	0.684036
0.000000	0.000000	0.775352	0.631530	0.700556	0.685295
0.000000	0.000000	0.773331	0.634003	0.702240	0.686539
0.000000	0.000000	0.771302	0.636470	0.703930	0.687765
0.000000	0.000000	0.769265	0.638930	0.705626	0.688974
0.000000	0.000000	0.767220	0.641384	0.707330	0.690164
0.000000	0.000000	0.765168	0.643831	0.709042	0.691333
0.000000	0.000000	0.763107	0.646272	0.710766	0.692480
0.000000	0.000000	0.761039	0.648706	0.712501	0.693603
0.000000	0.000000	0.758963	0.651133	0.714250	0.694699
0.000000	0.000000	0.756880	0.653554	0.716015	0.695765
0.000000	0.000000	0.754788	0.655968	0.717798	0.696798
0.000000	0.000000	0.752689	0.658376	0.719601	0.697793
0.000000	0.000000	0.750583	0.660777	0.721429	0.698744
0.000000	0.000000	0.748468	0.663171	0.723282	0.699644
0.000000	0.000000	0.746346	0.665558	0.725165	0.700484
0.000000	0.000000	0.744217	0.667938	0.727081	0.701251
0.000000	0.000000	0.742079	0.670312	0.729030	0.701931
0.000000	0.000000	0.739935	0.672679	0.731013	0.702502
0.000000	0.000000	0.737782	0.675039	0.733025	0.702940
0.000000	0.000000	0.735622	0.677392	0.735054	0.703214
0.000000	0.000000	0.733455	0.679738	0.737077	0.703290
0.000000	0.000000	0.731280	0.682077	0.739055	0.703139
0.000000	0.000000	0.729098	0.684409	0.740934	0.702751
0.000000	0.000000	0.726908	0.686735	0.742660	0.702139
0.000000	0.000000	0.724711	0.689053	0.744195	0.701347
0.000000	0.000000	0.722506	0.691364	0.745526	0.700427
0.000000	0.000000	0.720294	0.693668	0.746663	0.699429
0.000000	0.000000	0.718075	0.695966	0.747629	0.698390
0.000000	0.000000	0.715849	0.698256	0.748450	0.697334
0.000000	0.000000	0.713615	0.700538	0.749148	0.696275
0.000000	0.000000	0.711373	0.702814	0.749745	0.695222
0.000000	0.000000	0.709125	0.705083	0.750256	0.694177
0.000000	0.000000	0.706869	0.707344	0.750695	0.693143
0.000000	0.000000	0.704606	0.709598	0.751072	0.692121
0.000000	0.000000	0.702336	0.711845	0.751395	0.691110
0.000000	0.000000	0.700059	0.714085	0.751672	0.690109
0.000000	0.000000	0.697775	0.716317	0.751907	0.689118
0.000000	0.000000	0.695483	0.718542	0.752104	0.688135
0.000000	0.000000	0.693185	0.720760	0.752269	0.687160
0.000000	0.000000	0.690879	0.722970	0.752403	0.686191
0.000000	0.000000	0.688566	0.725173	0.752510	0.685228
0.000000	0.000000	0.686247	0.727369	0.752590	0.684270
0.000000	0.000000	0.683920	0.729557	0.752648	0.683316
0.000000	0.000000	0.681586	0.731738	0.752683	0.682365
0.000000	0.000000	0.679245	0.733911	0.752697	0.681418
0.000000	0.000000	0.676898	0.736077	0.752692	0.680472
0.000000	0.000000	0.674543	0.738235	0.752668	0.679528
0.000000	0.000000	0.672182	0.740386	0.752627	0.678586
0.000000	0.000000	0.669814	0.742529	0.752568	0.677644
0.000000	0.000000	0.667439	0.744665	0.752494	0.676702
0.000000	0.000000	0.665057	0.746793	0.752404	0.675760
0.000000	0.000000	0.662668	0.748913	0.752300	0.674818
0.000000	0.000000	0.660273	0.751026	0.752181	0.673875
0.000000	0.000000	0.657870	0.753131	0.752048	0.672931
0.000000	0.000000	0.655462	0.755229	0.751901	0.671985
0.000000	0.000000	0.653046	0.757318	0.751742	0.671038
0.000000	0.000000	0.650624	0.759400	0.751569	0.670089
0.000000	0.000000	0.648195	0.761474	0.751384	0.669138
0.000000	0.000000	0.645759	0.763541	0.751187	0.668184
0.000000	0.000000	0.643317	0.765600	0.750977	0.667228
0.000000	0.000000	0.640869	0.767651	0.750756	0.666269
0.000000	0.000000	0.638414	0.769694	0.750524	0.665308
0.000000	0.000000	0.635952	0.771729	0.750279	0.664343
0.000000	0.000000	0.633484	0.773756	0.750024	0.663375
0.000000	0.000000	0.631009	0.775775	0.749758	0.662403
0.000000	0.000000	0.628528	0.777787	0.749481	0.661428
0.000000	0.000000	0.626040	0.779791	0.749193	0.660450
0.000000	0.000000	0.623547	0.781786	0.748894	0.659468
0.000000	0.000000	0.621046	0.783774	0.748585	0.658481
0.000000	0.000000	0.618540	0.785753	0.748266	0.657491
0.000000	0.000000	0.616027	0.787725	0.747936	0.656497
0.000000	0.000000	0.613508	0.789689	0.747596	0.655498
0.000000	0.000000	0.610982	0.791644	0.747246	0.654495
0.000000	0.000000	0.608451	0.793592	0.746886	0.653488
0.000000	0.000000	0.605913	0.795531	0.746516	0.652476
0.000000	0.000000	0.603369	0.797462	0.746136	0.651460
0.000000	0.000000	0.600819	0.799385	0.745746	0.650439
0.000000	0.000000	0.598262	0.801300	0.745347	0.649413
0.000000	0.000000	0.595700	0.803207	0.744937	0.648382
0.000000	0.000000	0.593131	0.805106	0.744518	0.647347
0.000000	0.000000	0.590557	0.806996	0.744090	0.646307
0.000000	0.000000	0.587976	0.808878	0.743652	0.645261
0.000000	0.000000	0.585390	0.810752	0.743204	0.644211
0.000000	0.000000	0.582797	0.812618	0.742747	0.643155
0.000000	0.000000	0.580199	0.814475	0.742280	0.642094
0.000000	0.000000	0.577594	0.816324	0.741804	0.641028
0.000000	0.000000	0.574984	0.818165	0.741318	0.639957
0.000000	0.000000	0.572368	0.819997	0.740823	0.638880
0.000000	0.000000	0.569746	0.821821	0.740319	0.637798
0.000000	0.000000	0.567118	0.823637	0.739805	0.636710
0.000000	0.000000	0.564484	0.825444	0.739282	0.635617
0.000000	0.000000	0.561845	0.827243	0.738750	0.634519
0.000000	0.000000	0.559200	0.829033	0.738208	0.633414
0.000000	0.000000	0.556549	0.830815	0.737657	0.632304
0.000000	0.000000	0.553892	0.832588	0.737097	0.631189
0.000000	0.000000	0.551230	0.834353	0.736527	0.630067
0.000000	0.000000	0.548562	0.836110	0.735948	0.628940
0.000000	0.000000	0.545889	0.837857	0.735360	0.627807
0.000000	0.000000	0.543210	0.839597	0.734763	0.626668
0.000000	0.000000	0.540526	0.841328	0.734156	0.625523
0.000000	0.000000	0.537836	0.843050	0.733540	0.624373
0.000000	0.000000	0.535140	0.844763	0.732915	0.623216
0.000000	0.000000	0.532439	0.846468	0.732281	0.622053
0.000000	0.000000	0.529733	0.848165	0.731637	0.620884
0.000000	0.000000	0.527021	0.849852	0.730984	0.619709
0.000000	0.000000	0.524304	0.851531	0.730322	0.618528
0.000000	0.000000	0.521582	0.853201	0.729650	0.617341
0.000000	0.000000	0.518854	0.854863	0.728970	0.616148
0.000000	0.000000	0.516121	0.856516	0.728280	0.614948
0.000000	0.000000	0.513382	0.858160	0.727580	0.613742
0.000000	0.000000	0.510639	0.859795	0.726872	0.612530
0.000000	0.000000	0.507890	0.861422	0.726154	0.611311
0.000000	0.000000	0.505136	0.863040	0.725427	0.610086
0.000000	0.000000	0.502377	0.864649	0.724690	0.608855
0.000000	0.000000	0.499612	0.866249	0.723944	0.607617
0.000000	0.000000	0.496843	0.867840	0.723189	0.606373
0.000000	0.000000	0.494069	0.869423	0.722424	0.605122
0.000000	0.000000	0.491289	0.870997	0.721650	0.603864
0.000000	0.000000	0.488505	0.872561	0.720867	0.602600
0.000000	0.000000	0.485715	0.874117	0.720074	0.601330
0.000000	0.000000	0.482921	0.875664	0.719272	0.600053
0.000000	0.000000	0.480121	0.877202	0.718460	0.598769
0.000000	0.000000	0.477317	0.878731	0.717639	0.597478
0.000000	0.000000	0.474508	0.880251	0.716808	0.596181
0.000000	0.000000	0.471694	0.881762	0.715968	0.594877
0.000000	0.000000	0.468875	0.883264	0.715118	0.593566
0.000000	0.000000	0.466052	0.884758	0.714259	0.592249
0.000000	0.000000	0.463223	0.886242	0.713390	0.590924
0.000000	0.000000	0.460390	0.887717	0.712511	0.589593
0.000000	0.000000	0.457552	0.889183	0.711623	0.588254
0.000000	0.000000	0.454710	0.890640	0.710725	0.586909
0.000000	0.000000	0.451863	0.892087	0.709818	0.585557
0.000000	0.000000	0.449011	0.893526	0.708901	0.584198
0.000000	0.000000	0.446155	0.894956	0.707974	0.582832
0.000000	0.000000	0.443294	0.896376	0.707037	0.581458
0.000000	0.000000	0.440429	0.897787	0.706091	0.580078
0.000000	0.000000	0.437559	0.899190	0.705134	0.578690
0.000000	0.000000	0.434685	0.900583	0.704168	0.577296
0.000000	0.000000	0.431806	0.901966	0.703192	0.575894
0.000000	0.000000	0.428923	0.903341	0.702206	0.574485
0.000000	0.000000	0.426036	0.904706	0.701210	0.573068
0.000000	0.000000	0.423144	0.906063	0.700204	0.571645
0.000000	0.000000	0.420248	0.907410	0.699189	0.570214
0.000000	0.000000	0.417347	0.908747	0.698163	0.568775
0.000000	0.000000	0.414442	0.910076	0.697127	0.567330
0.000000	0.000000	0.411533	0.911395	0.696081	0.565877
0.000000	0.000000	0.408620	0.912704	0.695025	0.564416
0.000000	0.000000	0.405703	0.914005	0.693958	0.562948
0.000000	0.000000	0.402782	0.915296	0.692882	0.561472
0.000000	0.000000	0.399856	0.916578	0.691795	0.559989
0.000000	0.000000	0.396926	0.917850	0.690698	0.558499
0.000000	0.000000	0.393993	0.919114	0.689590	0.557000
0.000000	0.000000	0.391055	0.920367	0.688473	0.555495
0.000000	0.000000	0.388113	0.921612	0.687344	0.553981
0.000000	0.000000	0.385168	0.922847	0.686206	0.552460
0.000000	0.000000	0.382218	0.924072	0.685057	0.550931
0.000000	0.000000	0.379265	0.925288	0.683897	0.549394
0.000000	0.000000	0.376307	0.926495	0.682727	0.547849
0.000000	0.000000	0.373346	0.927692	0.681546	0.546297
0.000000	0.000000	0.370381	0.928880	0.680354	0.544736
0.000000	0.000000	0.367412	0.930058	0.679152	0.543168
0.000000	0.000000	0.364440	0.931227	0.677939	0.541592
0.000000	0.000000	0.361464	0.932386	0.676715	0.540008
0.000000	0.000000	0.358484	0.933536	0.675481	0.538415
0.000000	0.000000	0.355500	0.934676	0.674235	0.536815
0.000000	0.000000	0.352513	0.935807	0.672979	0.535207
0.000000	0.000000	0.349522	0.936928	0.671711	0.533590
0.000000	0.000000	0.346528	0.938040	0.670433	0.531965
0.000000	0.000000	0.343530	0.939142	0.669143	0.530332
0.000000	0.000000	0.340529	0.940234	0.667842	0.528691
0.000000	0.000000	0.337524	0.941317	0.666531	0.527042
0.000000	0.000000	0.334515	0.942390	0.665207	0.525384
0.000000	0.000000	0.331504	0.943454	0.663873	0.523717
0.000000	0.000000	0.328489	0.944508	0.662527	0.522043
0.000000	0.000000	0.325470	0.945552	0.661170	0.520360
0.000000	0.000000	0.322448	0.946587	0.659801	0.518668
0.000000	0.000000	0.319423	0.947612	0.658421	0.516968
0.000000	0.000000	0.316395	0.948628	0.657029	0.515259
0.000000	0.000000	0.313363	0.949633	0.655625	0.513542
0.000000	0.000000	0.310329	0.950629	0.654210	0.511816
0.000000	0.000000	0.307291	0.951616	0.652783	0.510081
0.000000	0.000000	0.304250	0.952592	0.651344	0.508338
0.000000	0.000000	0.301205	0.953559	0.649893	0.506585
0.000000	0.000000	0.298158	0.954516	0.648430	0.504824
0.000000	0.000000	0.295108	0.955464	0.646955	0.503054
0.000000	0.000000	0.292055	0.956402	0.645468	0.501275
0.000000	0.000000	0.288998	0.957330	0.643969	0.499487
0.000000	0.000000	0.285939	0.958248	0.642458	0.497690
0.000000	0.000000	0.282877	0.959156	0.640934	0.495884
0.000000	0.000000	0.279812	0.960055	0.639398	0.494069
0.000000	0.000000	0.276744	0.960944	0.637849	0.492245
0.000000	0.000000	0.273673	0.961823	0.636288	0.490411
0.000000	0.000000	0.270600	0.962692	0.634714	0.488568
0.000000	0.000000	0.267524	0.963551	0.633128	0.486716
0.000000	0.000000	0.264445	0.964401	0.631529	0.484854
0.000000	0.000000	0.261363	0.965241	0.629916	0.482983
0.000000	0.000000	0.258279	0.966070	0.628291	0.481103
0.000000	0.000000	0.255192	0.966890	0.626653	0.479213
0.000000	0.000000	0.252102	0.967701	0.625002	0.477313
0.000000	0.000000	0.249010	0.968501	0.623338	0.475404
0.000000	0.000000	0.245915	0.969291	0.621660	0.473485
0.000000	0.000000	0.242818	0.970072	0.619969	0.471556
0.000000	0.000000	0.239718	0.970842	0.618265	0.469617
0.000000	0.000000	0.236616	0.971603	0.616547	0.467668
0.000000	0.000000	0.233512	0.972354	0.614815	0.465710
0.000000	0.000000	0.230405	0.973095	0.613070	0.463741
0.000000	0.000000	0.227295	0.973826	0.611311	0.461763
0.000000	0.000000	0.224184	0.974547	0.609538	0.459774
0.000000	0.000000	0.221070	0.975258	0.607751	0.457775
0.000000	0.000000	0.217954	0.975959	0.605950	0.455766
0.000000	0.000000	0.214835	0.976650	0.604134	0.453746
0.000000	0.000000	0.211715	0.977331	0.602304	0.451716
0.000000	0.000000	0.208592	0.978003	0.600460	0.449676
0.000000	0.000000	0.205467	0.978664	0.598601	0.447625
0.000000	0.000000	0.202340	0.979315	0.596728	0.445563
0.000000	0.000000	0.199211	0.979957	0.594840	0.443491
0.000000	0.000000	0.196080	0.980588	0.592937	0.441408
0.000000	0.000000	0.192947	0.981209	0.591019	0.439314
0.000000	0.000000	0.189812	0.981820	0.589085	0.437210
0.000000	0.000000	0.186675	0.982422	0.587137	0.435094
0.000000	0.000000	0.183537	0.983013	0.585173	0.432967
0.000000	0.000000	0.180396	0.983594	0.583194	0.430830
0.000000	0.000000	0.177253	0.984165	0.581199	0.428681
0.000000	0.000000	0.174109	0.984726	0.579188	0.426520
0.000000	0.000000	0.170963	0.985277	0.577162	0.424348
0.000000	0.000000	0.167815	0.985819	0.575119	0.422165
0.000000	0.000000	0.164665	0.986349	0.573061	0.419971
0.000000	0.000000	0.161514	0.986870	0.570986	0.417764
0.000000	0.000000	0.158361	0.987381	0.568894	0.415546
0.000000	0.000000	0.155207	0.987882	0.566786	0.413316
0.000000	0.000000	0.152051	0.988373	0.564661	0.411075
0.000000	0.000000	0.148893	0.988853	0.562520	0.408821
0.000000	0.000000	0.145734	0.989324	0.560361	0.406555
0.000000	0.000000	0.142573	0.989784	0.558185	0.404277
0.000000	0.000000	0.139411	0.990235	0.555992	0.401987
0.000000	0.000000	0.136247	0.990675	0.553781	0.399684
0.000000	0.000000	0.133082	0.991105	0.551552	0.397369
0.000000	0.000000	0.129916	0.991525	0.549306	0.395041
0.000000	0.000000	0.126748	0.991935	0.547041	0.392700
0.000000	0.000000	0.123579	0.992335	0.544758	0.390347
0.000000	0.000000	0.120409	0.992724	0.542457	0.387981
0.000000	0.000000	0.117238	0.993104	0.540138	0.385602
0.000000	0.000000	0.114065	0.993473	0.537799	0.383209
0.000000	0.000000	0.110892	0.993833	0.535441	0.380803
0.000000	0.000000	0.107717	0.994182	0.533065	0.378384
0.000000	0.000000	0.104541	0.994521	0.530668	0.375952
0.000000	0.000000	0.101364	0.994849	0.528252	0.373506
0.000000	0.000000	0.098185	0.995168	0.525817	0.371046
0.000000	0.000000	0.095006	0.995477	0.523361	0.368572
0.000000	0.000000	0.091826	0.995775	0.520885	0.366084
0.000000	0.000000	0.088645	0.996063	0.518388	0.363582
0.000000	0.000000	0.085463	0.996341	0.515871	0.361066
0.000000	0.000000	0.082281	0.996609	0.513333	0.358535
0.000000	0.000000	0.079097	0.996867	0.510773	0.355990
0.000000	0.000000	0.075913	0.997114	0.508192	0.353429
0.000000	0.000000	0.072727	0.997352	0.505589	0.350854
0.000000	0.000000	0.069541	0.997579	0.502964	0.348264
0.000000	0.000000	0.066355	0.997796	0.500317	0.345659
0.000000	0.000000	0.063167	0.998003	0.497647	0.343039
0.000000	0.000000	0.059979	0.998200	0.494955	0.340402
0.000000	0.000000	0.056791	0.998386	0.492239	0.337751
0.000000	0.000000	0.053602	0.998562	0.489499	0.335083
0.000000	0.000000	0.050412	0.998729	0.486736	0.332399
0.000000	0.000000	0.047222	0.998884	0.483949	0.329699
0.000000	0.000000	0.044031	0.999030	0.481137	0.326983
0.000000	0.000000	0.040840	0.999166	0.478301	0.324250
0.000000	0.000000	0.037648	0.999291	0.475439	0.321500
0.000000	0.000000	0.034456	0.999406	0.472552	0.318733
0.000000	0.000000	0.031264	0.999511	0.469638	0.315948
0.000000	0.000000	0.028071	0.999606	0.466699	0.313147
0.000000	0.000000	0.024878	0.999690	0.463733	0.310328
0.000000	0.000000	0.021685	0.999765	0.460740	0.307490
0.000000	0.000000	0.018492	0.999829	0.457719	0.304635
0.000000	0.000000	0.015298	0.999883	0.454670	0.301761
0.000000	0.000000	0.012105	0.999927	0.451593	0.298869
0.000000	0.000000	0.008911	0.999960	0.448487	0.295958
0.000000	0.000000	0.005717	0.999984	0.445352	0.293028
0.000000	0.000000	0.002523	0.999997	0.442187	0.290078
0.000000	0.000000	-0.000671	1.000000	0.438992	0.287108
0.000000	0.000000	-0.003865	0.999993	0.435766	0.284119
0.000000	0.000000	-0.007059	0.999975	0.432508	0.281110
0.000000	0.000000	-0.010253	0.999947	0.429219	0.278079
0.000000	0.000000	-0.013447	0.999910	0.425897	0.275028
0.000000	0.000000	-0.016641	0.999862	0.422542	0.271956
0.000000	0.000000	-0.019834	0.999803	0.419153	0.268863
0.000000	0.000000	-0.023028	0.999735	0.415730	0.265747
0.000000	0.000000	-0.026221	0.999656	0.412272	0.262609
0.000000	0.000000	-0.029413	0.999567	0.408778	0.259449
0.000000	0.000000	-0.032606	0.999468	0.405247	0.256266
0.000000	0.000000	-0.035798	0.999359	0.401679	0.253059
0.000000	0.000000	-0.038990	0.999240	0.398073	0.249828
